# t (s)	mx ()	my ()	mz ()
0	0.099875234	0.94881475	0.29962572
1.0008163943693913e-10	0.38910916	0.873267	0.2917768
2.0008560448237161e-10	0.6385323	0.71477973	0.28315872
3.001768631944662e-10	0.8239195	0.49930415	0.26612368
4.000143479180684e-10	0.9325183	0.26464728	0.24411134
5.00091045238891e-10	0.973199	0.034577638	0.22593716
6.00167386359679e-10	0.95852965	-0.18376791	0.2163434
7.000040717396299e-10	0.8957861	-0.38928774	0.21280634
8.000901908311542e-10	0.7892047	-0.5769174	0.208589
9.001797487591174e-10	0.6491297	-0.73391217	0.19798753
1.0000299747541258e-09	0.49373728	-0.85032475	0.18018335
1.1001176135904844e-09	0.3401422	-0.9265825	0.15869865
1.2002030514647572e-09	0.19912577	-0.9699375	0.13832119
1.300043089517898e-09	0.07317613	-0.9896107	0.12229357
1.4001259263993083e-09	-0.040943317	-0.9927313	0.111686036
1.5002100774183078e-09	-0.14709261	-0.98322076	0.106249236
1.6000518580914812e-09	-0.24880259	-0.9626535	0.10485935
1.7001388890555218e-09	-0.34886962	-0.93092024	0.10588087
1.8002322009355861e-09	-0.44729766	-0.8876155	0.10735862
1.900080959162517e-09	-0.5419412	-0.833186	0.1072586
2.000176396101079e-09	-0.6297673	-0.7693957	0.10389008
2.100029679136395e-09	-0.70652455	-0.7006459	0.096361935
2.2001271713088842e-09	-0.7698153	-0.6321422	0.08469344
2.300226296933251e-09	-0.81850624	-0.56975394	0.06972273
2.4000775477660373e-09	-0.8532777	-0.51828825	0.052645694
2.500171258896831e-09	-0.87596023	-0.4806462	0.0344434
2.6000224218545326e-09	-0.8881795	-0.45871297	0.015979089
2.7001157877831837e-09	-0.8912548	-0.4529913	-0.0023411545
2.8002099452425127e-09	-0.8856718	-0.46336955	-0.020132726
2.9000611862089297e-09	-0.8712641	-0.4889124	-0.037011623
3.0001578438517413e-09	-0.84720767	-0.5281533	-0.05257703
3.10001207473481e-09	-0.812719	-0.57840717	-0.0660721
3.200108113911496e-09	-0.7671374	-0.63640386	-0.07674398
3.3002062702911174e-09	-0.71104723	-0.6976887	-0.08380863
3.4000599713608974e-09	-0.64649856	-0.75754803	-0.08686957
3.5001582596222962e-09	-0.5762625	-0.81235373	-0.08611561
3.600010674350367e-09	-0.5042847	-0.85929185	-0.08229555
3.7001046564276726e-09	-0.43347818	-0.89763945	-0.07650499
3.800196600161302e-09	-0.36629155	-0.92763555	-0.069938794
3.900042621572434e-09	-0.30392653	-0.95036757	-0.063639164
4.000131119428781e-09	-0.24603882	-0.96732837	-0.058339823
4.100218918455869e-09	-0.19192319	-0.9797368	-0.05457344
4.200062055728707e-09	-0.14028035	-0.9885689	-0.052678812
4.300147165347428e-09	-0.08906649	-0.9944895	-0.05288235
4.4002321643455536e-09	-0.036350828	-0.99767554	-0.055388916
4.5000740095692995e-09	0.019986078	-0.9978466	-0.06037406
4.600158401379049e-09	0.082625985	-0.99411714	-0.0680331
4.700000665523155e-09	0.15368909	-0.98484564	-0.078403726
4.800085832547798e-09	0.23566762	-0.96733963	-0.091346726
4.900172577108561e-09	0.32963076	-0.9378854	-0.106118225
5.000019989451786e-09	0.43457094	-0.8921431	-0.121153094
5.100111184235816e-09	0.54709685	-0.8258564	-0.13418026
5.200205303438343e-09	0.6595082	-0.73757523	-0.14260082
5.300057181233249e-09	0.76218	-0.6304059	-0.14483075
5.4001504066147304e-09	0.84771	-0.5106783	-0.14128156
5.5002417559390565e-09	0.9121458	-0.3865434	-0.13428232
5.600086724442969e-09	0.95593566	-0.26380438	-0.12706347
5.70017042598856e-09	0.98186	-0.14342372	-0.12247412
5.8000110591383564e-09	0.9920025	-0.024148578	-0.12244876
5.900093463102219e-09	0.98672646	0.09831779	-0.12777784
6.000177025205802e-09	0.96371996	0.22746782	-0.13802658
6.100019687821617e-09	0.91848546	0.3646189	-0.15124522
6.200108545675706e-09	0.84545976	0.50754213	-0.16407375
6.3001988832364684e-09	0.74214226	0.6470974	-0.17244956
6.40004993029538e-09	0.612656	0.770522	-0.17379086
6.50013931264441e-09	0.46625215	0.86802655	-0.1687409
6.600226123199434e-09	0.31399885	0.93539226	-0.16091415
6.700066477281986e-09	0.1624771	0.9742448	-0.15488206
6.800148470689411e-09	0.011245623	0.98778456	-0.15404664
6.900229854493662e-09	-0.14263193	0.97656804	-0.15970853
7.000069351435809e-09	-0.3018337	0.9376707	-0.17059197
7.100156393278522e-09	-0.46571693	0.8654014	-0.1830045
7.200002121417661e-09	-0.62457687	0.756528	-0.19178489
7.300095250551511e-09	-0.7645296	0.6142916	-0.19326648
7.40019004286817e-09	-0.8722431	0.4507969	-0.18781185
7.500033051950635e-09	-0.94276744	0.27977508	-0.1798217
7.60011477921111e-09	-0.9784568	0.10769687	-0.17473088
7.700194860006521e-09	-0.98196733	-0.06491776	-0.17617594
7.800032338444699e-09	-0.95264274	-0.2406224	-0.18439612
7.900114656895942e-09	-0.88556063	-0.42026925	-0.1960931
8.000201392852627e-09	-0.77628624	-0.5952715	-0.2054762
8.100048328178196e-09	-0.62820446	-0.7492734	-0.20766146
8.200137094043707e-09	-0.4535099	-0.8675467	-0.20236754
8.300221617005443e-09	-0.26815468	-0.94326174	-0.19426359
8.4000596410141e-09	-0.08155856	-0.97820646	-0.18955663
8.500139349125204e-09	0.10652037	-0.97531354	-0.19203037
8.600219366250003e-09	0.29765671	-0.9328896	-0.20117363
8.700061079361589e-09	0.48828763	-0.8460388	-0.21215813
8.800150152617663e-09	0.66625595	-0.712393	-0.21849921
8.90024147631604e-09	0.8122511	-0.5408486	-0.21659227
9.000084962341441e-09	0.91305816	-0.3492352	-0.2089546
9.100167370837442e-09	0.96732295	-0.15119553	-0.20209508
9.2000029431449e-09	0.9780199	0.04738394	-0.20167425
9.300083019400352e-09	0.9454943	0.24855009	-0.20885372
9.400166895841386e-09	0.86522007	0.44989538	-0.21955845
9.500006260104797e-09	0.7346195	0.6387814	-0.22675577
9.600093458925334e-09	0.5607046	0.79610914	-0.22576623
9.700179549336538e-09	0.3619706	0.9058574	-0.21833125
9.800017117427151e-09	0.15573607	0.96463186	-0.21123143
9.900096140405743e-09	-0.05246941	0.97585714	-0.21062338
1.0000174641810626e-08	-0.26236996	0.93971145	-0.21777841
1.01000128874547e-08	-0.47023773	0.8520812	-0.22807436
1.0200095707867738e-08	-0.66271526	0.71070117	-0.23412895
1.0300181943361835e-08	-0.81780195	0.5259965	-0.23167983
1.0400021767260675e-08	-0.92067754	0.3187309	-0.22369564
1.0500103190470924e-08	-0.9701389	0.10426682	-0.21757877
1.0600181032816487e-08	-0.9690019	-0.11162748	-0.21897562
1.0700015484644636e-08	-0.9164646	-0.32803527	-0.2274775
1.0800095243142908e-08	-0.8077822	-0.53897655	-0.23689859
1.0900180212963175e-08	-0.64500844	-0.7249328	-0.23984928
1.1000019322039712e-08	-0.44462624	-0.8640032	-0.23448753
1.1100099872175577e-08	-0.22719193	-0.9468292	-0.22629824
1.1200176397906814e-08	-0.0060104923	-0.9744762	-0.223016
1.1300010910014865e-08	0.21585569	-0.94906867	-0.22800712
1.1400089500845688e-08	0.43659067	-0.86720484	-0.2377344
1.1500171916131407e-08	0.6416214	-0.7264446	-0.24429551
1.1600013852693725e-08	0.80735034	-0.537179	-0.24235973
1.1700095331594388e-08	0.91743696	-0.3203356	-0.23438816
1.1800171264687463e-08	0.9686079	-0.09512196	-0.22825377
1.1900004832863243e-08	0.9639801	0.13120487	-0.22991936
1.2000083123497875e-08	0.9023274	0.35795325	-0.23850854
1.2100163349644806e-08	0.7797104	0.5746193	-0.24688666
1.2200002611872557e-08	0.6017736	0.7586468	-0.24779439
1.2300085654668337e-08	0.38751388	0.8893591	-0.2409611
1.2400163780168892e-08	0.15960291	0.95883226	-0.23341587
1.2500239050809721e-08	-0.07108507	0.96962845	-0.23260863
1.260007276995848e-08	-0.3016076	0.9223834	-0.23974566
1.2700152569261348e-08	-0.5256554	0.8129471	-0.24880585
1.2800231958335688e-08	-0.72215843	0.6436068	-0.2516303
1.2900073298089742e-08	-0.86690027	0.4325779	-0.24599056
1.3000151653545443e-08	-0.9495066	0.20282455	-0.23787653
1.310022802001605e-08	-0.9710425	-0.031086843	-0.23546548
1.3200061196510867e-08	-0.9331195	-0.26505506	-0.24141702
1.3300139648370994e-08	-0.8320109	-0.49402595	-0.25060928
1.34002216633498e-08	-0.66844755	-0.6981703	-0.25453147
1.3500064437497398e-08	-0.45909113	-0.8520538	-0.24973324
1.3600143883083968e-08	-0.22774991	-0.94292164	-0.2414393
1.370021997316472e-08	0.0089026	-0.9708401	-0.23815112
1.3800051225116222e-08	0.24572425	-0.9378926	-0.24336724
1.3900130240303395e-08	0.47806948	-0.8407172	-0.25249666
1.4000211327896358e-08	0.6865982	-0.67944133	-0.25687712
1.4100055271515468e-08	0.8452163	-0.47009093	-0.25246388
1.4200135168519453e-08	0.93993837	-0.23700078	-0.24412732
1.4300209868998028e-08	0.97028905	0.0020418663	-0.24052611
1.4400041541331178e-08	0.93849736	0.2412627	-0.24548022
1.4500121384828859e-08	0.841366	0.47585034	-0.25451002
1.4600201695311593e-08	0.67908657	0.68620384	-0.25885105
1.4700044472266972e-08	0.467977	0.845812	-0.2543795
1.4800123414145902e-08	0.23281328	0.9404825	-0.24604444
1.4900197879607377e-08	-0.008363276	0.96973836	-0.2425868
1.500002922137381e-08	-0.2495797	0.9357294	-0.24769974
1.510010828537712e-08	-0.48542324	0.8352274	-0.25662163
1.5200189222695167e-08	-0.695376	0.6690447	-0.26051003
1.5300030570232908e-08	-0.8527034	0.45461226	-0.25561005
1.540010882361054e-08	-0.9439049	0.21707372	-0.24732928
1.5500184113438274e-08	-0.96896285	-0.026024153	-0.24441285
1.560001607572027e-08	-0.9297449	-0.26885524	-0.25002024
1.570009611726109e-08	-0.8228738	-0.5049695	-0.2587762
1.5800177695188646e-08	-0.6503658	-0.71238947	-0.26183432
1.5900019665022272e-08	-0.43142587	-0.8644864	-0.25623408
1.6000096419421703e-08	-0.19136474	-0.9492458	-0.24812892
1.610016999040716e-08	0.053437985	-0.96740085	-0.2461214
1.620000080334335e-08	0.29746896	-0.9203148	-0.2524495
1.6300079295653114e-08	0.5327345	-0.804484	-0.26088953
1.6400162224145806e-08	0.7354566	-0.6237707	-0.26276705
1.65000021572624e-08	0.87962455	-0.39961976	-0.25632113
1.6600077572627023e-08	0.9553995	-0.15707251	-0.24860755
1.6700151429059986e-08	0.9643116	0.089221746	-0.2478458
1.6800226971884393e-08	0.9067566	0.33456352	-0.25501302
1.6900063930381462e-08	0.77998686	0.567074	-0.26285735
1.7000146144310555e-08	0.58977383	0.7628312	-0.26323813
1.710022725918529e-08	0.35960302	0.8968531	-0.2559238
1.720006063691283e-08	0.11535599	0.96124876	-0.24893633
1.7300134539776622e-08	-0.13219267	0.9588746	-0.24970722
1.740020961393641e-08	-0.377621	0.8889147	-0.25763538
1.7500048183296292e-08	-0.6063615	0.74924606	-0.26455137
1.7600132666107432e-08	-0.79281026	0.5488466	-0.26319286
1.7700214503567888e-08	-0.91422796	0.3134407	-0.25519308
1.7800047923470348e-08	-0.9657191	0.06723476	-0.24929738
1.790012059264266e-08	-0.95024985	-0.18129848	-0.25180036
1.800019762771784e-08	-0.8659794	-0.42597145	-0.26026806
1.8100035091404008e-08	-0.7121323	-0.64901507	-0.26583445
1.820011818941763e-08	-0.50149554	-0.8237778	-0.2626081
1.83001991054475e-08	-0.26142448	-0.930711	-0.25424868
1.840003000825712e-08	-0.013627136	-0.967816	-0.24986446
1.8500103734252502e-08	0.23556022	-0.93761903	-0.25416762
1.8600180011234783e-08	0.47831637	-0.83739835	-0.26278785
1.870001472226056e-08	0.69343483	-0.66865796	-0.26657468
1.8800098529299743e-08	0.8542388	-0.44831008	-0.26151714
1.8900176800789442e-08	0.94515866	-0.2043601	-0.253271
1.9000007309300847e-08	0.96663725	0.04468517	-0.25079137
1.910008139360504e-08	0.92020303	0.29405743	-0.25679198
1.9200157243209097e-08	0.8027016	0.53336406	-0.26503655
1.9300238374072048e-08	0.6184434	0.7385401	-0.266663
1.9400078906309683e-08	0.3899222	0.8828837	-0.260012
1.950015483685858e-08	0.14295326	0.95660144	-0.25245744
1.9600228609919898e-08	-0.10762942	0.96129036	-0.25219598
1.9700059965343627e-08	-0.35588112	0.8972806	-0.25958315
1.9800140527643415e-08	-0.5897869	0.76156485	-0.26683196
1.9900220497207536e-08	-0.7819621	0.5628358	-0.2660632
2.000006056152311e-08	-0.9085848	0.3270228	-0.25825366
2.0100135695106495e-08	-0.9642113	0.0778399	-0.252011
2.0200209010057655e-08	-0.9511154	-0.17335075	-0.25410828
2.0300041882356653e-08	-0.8682219	-0.42006192	-0.26238593
2.0400119909585932e-08	-0.71389866	-0.646174	-0.2679983
2.0500200893641927e-08	-0.501881	-0.82283705	-0.26479927
2.0600039384951366e-08	-0.2603109	-0.930415	-0.2564517
2.0700113907996072e-08	-0.009590992	-0.96727884	-0.252106
2.0800187058025804e-08	0.24180779	-0.9353865	-0.25649604
2.09000215221888e-08	0.48550668	-0.8325475	-0.26498756
2.1000100184595837e-08	0.70112735	-0.6598452	-0.26839834
2.1100185351458682e-08	0.8600195	-0.43623787	-0.26298508
2.1200019411169765e-08	0.94764173	-0.19041976	-0.25485128
2.1300092663204657e-08	0.96517867	0.061318725	-0.25286686
2.140016756260323e-08	0.9134617	0.31233233	-0.25923976
2.1500003320594293e-08	0.7899487	0.55104387	-0.26715332
2.1600081660606052e-08	0.5997957	0.75330186	-0.2679637
2.1700166713734296e-08	0.3666598	0.89256686	-0.2608119
2.180000042495612e-08	0.11790472	0.9596859	-0.25369325
2.190007411706557e-08	-0.1344508	0.95733416	-0.25433654
2.2000148523623432e-08	-0.38413125	0.88479054	-0.26213464
2.2100229368286898e-08	-0.6158997	0.7399371	-0.26866075
2.220007039278548e-08	-0.801474	0.53436506	-0.26671985
2.2300149479156876e-08	-0.9197674	0.2938792	-0.2585391
2.240022431117584e-08	-0.96610194	0.042613916	-0.2531866
2.250005579574055e-08	-0.9431969	-0.20934658	-0.2564673
2.2600134249211023e-08	-0.84894073	-0.4562896	-0.2649203
2.270021428638165e-08	-0.68354905	-0.6776735	-0.2693119
2.280005437296607e-08	-0.46435833	-0.8445921	-0.2647934
2.290013282756311e-08	-0.2185648	-0.9411049	-0.25645489
2.3000206056644485e-08	0.033856634	-0.9663696	-0.25348657
2.310003660647587e-08	0.28547624	-0.9222517	-0.25910768
2.3200113750870778e-08	0.5276884	-0.8056925	-0.26730376
2.3300195012692616e-08	0.73559827	-0.62091446	-0.26902837
2.3400034534177806e-08	0.88185406	-0.39063478	-0.26241043
2.3500110808243766e-08	0.9562108	-0.14128667	-0.25484863
2.3600184010394043e-08	0.96016806	0.11178039	-0.25463527
2.3700016531079205e-08	0.8940381	0.36218488	-0.26201984
2.3800096705837375e-08	0.75504094	0.59713155	-0.26901302
2.3900177009486566e-08	0.55276096	0.7885173	-0.26782888
2.400001389273489e-08	0.31401774	0.9127046	-0.25986385
2.4100086249539534e-08	0.062463604	0.964816	-0.25396058
2.420015858708449e-08	-0.19081442	0.9470948	-0.25657207
2.4300235497269176e-08	-0.4392112	0.85790694	-0.26491565
2.440007404703533e-08	-0.6632964	0.6973065	-0.26983356
2.4500157789155657e-08	-0.83545506	0.48000678	-0.26585397
2.4600237411242845e-08	-0.9369467	0.23462489	-0.25746927
2.4700068525727666e-08	-0.9666785	-0.017610278	-0.25395602
2.480014334704666e-08	-0.92673224	-0.27056846	-0.25912976
2.4900220446759566e-08	-0.8142222	-0.51437247	-0.2674221
2.500005805182114e-08	-0.63305634	-0.7249406	-0.26965347
2.510014173993114e-08	-0.40360442	-0.8757073	-0.2633484
2.5200217712444068e-08	-0.15425366	-0.954004	-0.2555874
2.5300047403614786e-08	0.0986477	-0.96153945	-0.2548905
2.5400122827581803e-08	0.35042152	-0.89871204	-0.26203692
2.5500202586772815e-08	0.5870426	-0.7628298	-0.26924783
2.560004014742217e-08	0.78089714	-0.5631569	-0.26848724
2.570012315705322e-08	0.9088074	-0.3244906	-0.26064047
2.5800198223659466e-08	0.9639618	-0.07271939	-0.2544681
2.5900028047632725e-08	0.9491022	0.1803892	-0.25670156
2.6000104378881313e-08	0.8627416	0.42961532	-0.26495844
2.610018406331497e-08	0.70409596	0.65595216	-0.27015543
2.6200023426424226e-08	0.48860565	0.8302512	-0.26648057
2.6300103350199314e-08	0.24344578	0.93451977	-0.258089
2.6400177612500216e-08	-0.0096848095	0.96670276	-0.2542877
2.6500006522921823e-08	-0.2624576	0.9290433	-0.25920236
2.6600083356875425e-08	-0.50714135	0.8187121	-0.26752976
2.6700161893087895e-08	-0.7198307	0.6387049	-0.270019
2.6800242569445053e-08	-0.8726196	0.40989065	-0.2638791
2.690007707016893e-08	-0.95274943	0.16108814	-0.25604358
2.7000149812991985e-08	-0.9620716	-0.09272329	-0.2551073
2.7100225211035685e-08	-0.9008109	-0.34492564	-0.26212662
2.7200062607413238e-08	-0.7667485	-0.58183736	-0.26941735
2.7300142935409425e-08	-0.5675651	-0.7775719	-0.26885104
2.740022297871598e-08	-0.32913542	-0.9070104	-0.26106912
2.750005519287627e-08	-0.077808246	-0.96347886	-0.2547882
2.7600128747671767e-08	0.1761984	-0.949848	-0.25685546
2.7700204894620094e-08	0.42584068	-0.8645779	-0.26506886
2.7800042536031914e-08	0.6524286	-0.70728207	-0.2703645
2.7900125448842982e-08	0.8282763	-0.49176627	-0.26680797
2.800020337624123e-08	0.9335991	-0.24660471	-0.25841713
2.810003466353883e-08	0.9666726	0.0061143944	-0.25451165
2.8200108176385376e-08	0.92976266	0.25976628	-0.25933573
2.8300184105423207e-08	0.82009524	0.5048294	-0.267667
2.8400021066278806e-08	0.6410452	0.717664	-0.27023855
2.8500104400816405e-08	0.41243252	0.87133276	-0.26416695
2.8600181785197775e-08	0.16292036	0.9523722	-0.25628495
2.870001245413269e-08	-0.09047581	0.96224153	-0.25527292
2.8800087141536854e-08	-0.34291625	0.9015449	-0.26224017
2.8900166685207813e-08	-0.58072853	0.7675354	-0.26956868
2.900000645868889e-08	-0.7764438	0.5690108	-0.26905376
2.9100089758580904e-08	-0.9064228	0.33057123	-0.261293
2.9200164627521447e-08	-0.96337545	0.07848273	-0.25497085
2.930023788765869e-08	-0.9498974	-0.17570218	-0.25701237
2.940007043178189e-08	-0.86498755	-0.42492962	-0.26519436
2.9500148310939836e-08	-0.70737684	-0.652265	-0.27051067
2.9600231705818686e-08	-0.49175996	-0.82823265	-0.26695433
2.970006671120119e-08	-0.24706487	-0.93343145	-0.25858152
2.9800141096092305e-08	0.006421716	-0.9666306	-0.25466275
2.990021541642837e-08	0.260222	-0.9295909	-0.25949287
3.000005062862705e-08	0.50481266	-0.82006234	-0.26779845
3.010013107785156e-08	0.7181923	-0.64040244	-0.27035856
3.0200216333497764e-08	0.87171304	-0.41156536	-0.26426515
3.0300049312603126e-08	0.95240974	-0.16250609	-0.25640792
3.0400122488914134e-08	0.9620918	0.09164314	-0.25541908
3.050019660667651e-08	0.90101415	0.34418076	-0.26240617
3.060003256509064e-08	0.7669713	0.58141476	-0.2696939
3.070011469045389e-08	0.5676401	0.7774197	-0.2691312
3.080019628427984e-08	0.32895154	0.90699637	-0.2613478
3.0900028561896545e-08	0.07732884	0.9634417	-0.2550722
3.100010220093117e-08	-0.17697017	0.9496233	-0.25715312
3.110017814638003e-08	-0.4268349	0.86399686	-0.26536125
3.120001268769688e-08	-0.6534548	0.70623875	-0.27061215
3.130009488773086e-08	-0.8290943	0.49027961	-0.26700336
3.1400174821011763e-08	-0.93402755	0.2447721	-0.2586109
3.150000596068657e-08	-0.96658975	-0.008222461	-0.2547651
3.1600079698847644e-08	-0.9290191	-0.26210165	-0.2596466
3.1700158216183286e-08	-0.8185307	-0.50720924	-0.26795343
3.18002402325667e-08	-0.6381589	-0.7201651	-0.27041605
3.190008059592165e-08	-0.4094797	-0.8726927	-0.2642735
3.2000157709394695e-08	-0.15963486	-0.9528893	-0.25643116
3.2100231675516346e-08	0.09461516	-0.9617699	-0.2555459
3.2200064293409385e-08	0.3465654	-0.90005124	-0.2625687
3.23001451149604e-08	0.5841467	-0.76484835	-0.26981747
3.240022723317595e-08	0.77949345	-0.56478757	-0.2691359
3.2500065933353947e-08	0.9079506	-0.32632512	-0.26132935
3.260014027153952e-08	0.9636961	-0.073955014	-0.25511274
3.270021335550219e-08	0.9489317	0.180412	-0.25731117
3.2800046309962433e-08	0.8625723	0.42960483	-0.26552266
3.290012606112872e-08	0.70351505	0.6563547	-0.27068752
3.300020821969143e-08	0.48687664	0.8311132	-0.26695627
3.3100046239460205e-08	0.24168637	0.9348396	-0.2585817
3.32001200920945e-08	-0.01202338	0.96653044	-0.25483844
3.3300194598618886e-08	-0.26592964	0.9278779	-0.25983033
3.3400028902268234e-08	-0.5102421	0.81659615	-0.26809508
3.350010900932354e-08	-0.7226133	0.6353763	-0.27043802
3.360019284299219e-08	-0.8745252	0.40560833	-0.26419002
3.3700026005309036e-08	-0.95346797	0.15617248	-0.2564142
3.380009965541587e-08	-0.9613867	-0.09814733	-0.25565395
3.3900174549933185e-08	-0.8984009	-0.35066992	-0.26276603
3.400001058079597e-08	-0.7623911	-0.587301	-0.2699222
3.410009195560983e-08	-0.5615253	-0.78185844	-0.26910385
3.4200173870819466e-08	-0.32206702	-0.9095003	-0.2612278
3.430000627329856e-08	-0.07017295	-0.963976	-0.25512448
3.440007979098423e-08	0.18423577	-0.94815695	-0.25745448
3.450015710148964e-08	0.43389392	-0.860363	-0.26571164
3.460023556360165e-08	0.66000736	-0.7000681	-0.2707421
3.4700074877963305e-08	0.83328974	-0.4831869	-0.26687878
3.480015335273451e-08	0.936039	-0.23710525	-0.25848833
3.490022694403883e-08	0.96644574	0.016694406	-0.25489584
3.5000059383417925e-08	0.9266567	0.26998445	-0.26000243
3.510013654322414e-08	0.81380385	0.51459897	-0.26825398
3.520021783890428e-08	0.6313962	0.7260989	-0.27042466
3.5300060943270724e-08	0.40155697	0.8764273	-0.2640799
3.540013730932833e-08	0.1513137	0.95426923	-0.25635022
3.550021074379027e-08	-0.10305963	0.96084195	-0.2557659
3.560004216178199e-08	-0.3548931	0.89668596	-0.26294905
3.570011945549187e-08	-0.59160984	0.75901365	-0.2700285
3.5800199083329695e-08	-0.7850569	0.5570838	-0.26902634
3.5900037890327513e-08	-0.9110569	0.31773806	-0.2611093
3.6000112062686315e-08	-0.96433514	0.06510785	-0.25511155
3.610018590124109e-08	-0.94710904	-0.18932194	-0.25761718
3.6200018783614656e-08	-0.8581297	-0.4381855	-0.26588577
3.6300099418948646e-08	-0.6966033	-0.6636478	-0.27077943
3.6400184783294374e-08	-0.47834635	-0.83612096	-0.2667477
3.650002045719081e-08	-0.2325376	-0.9372147	-0.25838166
3.660009366392333e-08	0.021333653	-0.96634233	-0.25494102
3.670016673520729e-08	0.27520484	-0.92506284	-0.26019928
3.6800002629655023e-08	0.51888484	-0.8110298	-0.2683955
3.6900081113698446e-08	0.72949946	-0.6274764	-0.27039742
3.700016506010524e-08	0.87881166	-0.3964219	-0.2639197
3.710024153294809e-08	0.95512545	-0.1459624	-0.25626788
3.720007191522958e-08	0.96029013	0.10783472	-0.25586718
3.730014693784807e-08	0.8945138	0.360175	-0.26315933
3.740022669904594e-08	0.75528985	0.5963105	-0.27012753
3.7500063005309006e-08	0.5527666	0.7881339	-0.26893768
3.760014523624089e-08	0.31235725	0.9129648	-0.26094323
3.770021965227882e-08	0.059599746	0.96469814	-0.25508696
3.78000496156872e-08	-0.1942166	0.9460758	-0.2577657
3.79001263596467e-08	-0.44345647	0.8553554	-0.26608092
3.800020369200656e-08	-0.668079	0.6923442	-0.27080557
3.8100042111423085e-08	-0.8387901	0.47372833	-0.2666139
3.8200121334835254e-08	-0.9386121	0.22699806	-0.25824052
3.830019476143505e-08	-0.9661902	-0.026944336	-0.2549855
3.840002565007835e-08	-0.9235219	-0.28015897	-0.2603806
3.8500103105407186e-08	-0.8076625	-0.5240293	-0.26855022
3.860018162678568e-08	-0.6227439	-0.73356277	-0.27034712
3.870002313196649e-08	-0.39155623	-0.88104	-0.26375937
3.880009788140097e-08	-0.14091127	-0.9559067	-0.25618538
3.890017103585766e-08	0.11353283	-0.9596027	-0.25597838
3.900000338869039e-08	0.36513665	-0.8924421	-0.26334953
3.910008180543639e-08	0.60069907	-0.7517737	-0.27021042
3.9200162884618425e-08	0.791747	-0.54763865	-0.2688197
3.9300242818141764e-08	0.9149289	-0.30671445	-0.2607637
3.9400074568800504e-08	0.9650091	-0.054452937	-0.2550629
3.950014677178705e-08	0.9448282	0.19997454	-0.25793418
3.960022422531045e-08	0.8524232	0.4489476	-0.26627654
3.970005842158909e-08	0.6883462	0.6721913	-0.27082092
3.980014137406197e-08	0.4682857	0.84189606	-0.26644444
3.990021966852754e-08	0.22121608	0.94003475	-0.25808853
4.0000050413127254e-08	-0.032171696	0.96601945	-0.25502574
4.0100124393673976e-08	-0.28594393	0.9216877	-0.26058468
4.02002012271946e-08	-0.5293585	0.8041279	-0.26870093
4.030003920108414e-08	-0.737314	0.6183225	-0.27029282
4.0400122226453084e-08	-0.8835993	0.38588256	-0.26356608
4.0500199437670526e-08	-0.9567834	0.13502362	-0.25608677
4.060003030822317e-08	-0.9589325	-0.11883	-0.25608236
4.0700106272920714e-08	-0.88999623	-0.37090126	-0.2635646
4.08001863012197e-08	-0.7476503	-0.6057841	-0.27029592
4.090002552835768e-08	-0.542858	-0.79507333	-0.26870227
4.100010620287372e-08	-0.30146518	-0.916722	-0.26059324
4.110018112421059e-08	-0.04848196	-0.96533585	-0.2550323
4.1200011600307495e-08	0.20531932	-0.94363755	-0.2580889
4.130008862317811e-08	0.45402822	-0.84967136	-0.26645166
4.140017027626934e-08	0.6769265	-0.6836872	-0.27082783
4.1500012701213755e-08	0.8447463	-0.4632203	-0.2662828
4.1600091930395383e-08	0.9413231	-0.21584244	-0.25794762
4.170016565693415e-08	0.96578676	0.038216762	-0.25507194
4.180023986673171e-08	0.919752	0.29191774	-0.2607937
4.1900073832869535e-08	0.8008154	0.534287	-0.26883486
4.200015496795577e-08	0.613202	0.7416054	-0.27021962
4.21002378231215e-08	0.38002303	0.88619804	-0.26336116
4.220007085508166e-08	0.12958297	0.9575607	-0.2559957
4.2300144074971145e-08	-0.12490449	0.9581278	-0.25619993
4.2400217884737946e-08	-0.37680143	0.88744843	-0.26378003
4.2500053643519415e-08	-0.6104355	0.7438307	-0.27036738
4.260013531257117e-08	-0.7988287	0.53738916	-0.26856145
4.270021911445989e-08	-0.9187285	0.29547223	-0.2603975
4.280004855251523e-08	-0.9656024	0.043003142	-0.25500745
4.290012129837129e-08	-0.9422452	-0.2113951	-0.2582652
4.3000199671550705e-08	-0.8465017	-0.45979482	-0.266646
4.3100034924315154e-08	-0.6794033	-0.68122613	-0.27082753
4.320011610804256e-08	-0.45748854	-0.8479253	-0.2660938
4.330019636586695e-08	-0.20977835	-0.9427382	-0.25778776
4.340002585536739e-08	0.043712135	-0.9655415	-0.2551164
4.3500100429823777e-08	0.29734188	-0.9179575	-0.26098257
4.36001775719203e-08	0.5398131	-0.79705095	-0.26897824
4.370001508885178e-08	0.74546915	-0.6085318	-0.27014807
4.380009775170267e-08	0.88852024	-0.3746962	-0.26317486
4.390017534857067e-08	0.9583968	-0.12346009	-0.25589642
4.4000006351444557e-08	0.9573611	0.13042755	-0.25631067
4.4100082375138476e-08	0.88509	0.3821692	-0.26397568
4.420016243823605e-08	0.7394848	0.6156596	-0.27044111
4.430000143436327e-08	0.5323826	0.80222017	-0.26842764
4.440008107618515e-08	0.2900204	0.9205162	-0.26021892
4.450015628541633e-08	0.036832668	0.96586454	-0.25498146
4.4600230589393215e-08	-0.21754411	0.9407938	-0.25844437
4.470006439405058e-08	-0.4650275	0.84358215	-0.26681846
4.480014450595624e-08	-0.6860386	0.6745466	-0.27081972
4.4900226749437246e-08	-0.8511081	0.45165786	-0.26589915
4.500006173726462e-08	-0.943993	0.20424446	-0.2576449
4.5100135190065154e-08	-0.9652263	-0.049912028	-0.2551703
4.5200209162252395e-08	-0.9158931	-0.30345225	-0.26119572
4.5300043400030076e-08	-0.7935807	-0.5448376	-0.26910466
4.540012346521549e-08	-0.60324275	-0.7497882	-0.27005953
4.5500206898336234e-08	-0.36868483	-0.8910965	-0.2629613
4.5600041300704255e-08	-0.11787951	-0.9591236	-0.25580797
4.5700115149288755e-08	0.13663557	-0.95646	-0.25643653
4.580019053850254e-08	0.38818282	-0.8824024	-0.2641913
4.590002815660948e-08	0.62038106	-0.7355053	-0.27050176
4.6000109290752695e-08	0.80597955	-0.52675515	-0.26827288
4.610019036688079e-08	0.9224823	-0.28389326	-0.2600195
4.620002181260992e-08	0.9660673	-0.03122594	-0.25496247
4.630009411829723e-08	0.93944037	0.22311935	-0.25860947
4.640017017996721e-08	0.84027255	0.47087088	-0.26700795
4.6500008087801505e-08	0.6701139	0.69037443	-0.27080646
4.660009360898511e-08	0.4463539	0.85395956	-0.26571864
4.670016999455956e-08	0.19804962	0.94535685	-0.25748593
4.6800242478699975e-08	-0.056149453	0.9648678	-0.25522822
4.690007158243533e-08	-0.30898	0.9139864	-0.26138797
4.700014937614152e-08	-0.55042493	0.7896682	-0.26923943
4.710023019725621e-08	-0.7540909	0.59789956	-0.269965
4.720007057353368e-08	-0.89339083	0.36323398	-0.26276842
4.730014575008868e-08	-0.959894	0.11165466	-0.25571403
4.7400218814484076e-08	-0.9555129	-0.14286688	-0.25656748
4.750005119601325e-08	-0.8799326	-0.39361483	-0.26438585
4.7600130912216736e-08	-0.73103416	-0.6256161	-0.2705632
4.7700213462246084e-08	-0.5210832	-0.8097132	-0.26811165
4.7800049617483826e-08	-0.27835423	-0.9242209	-0.2598396
4.790012331047186e-08	-0.024986431	-0.96625364	-0.25494486
4.800019654406787e-08	0.22932634	-0.93789196	-0.25879443
4.8100029816370725e-08	0.47613883	-0.8372437	-0.26717538
4.820010986510681e-08	0.69516605	-0.66515064	-0.27078533
4.830019471689482e-08	0.85708475	-0.44044882	-0.2655165
4.8400029030859636e-08	0.94655097	-0.19245464	-0.25734633
4.850010365096149e-08	0.96450746	0.06178835	-0.25528556
4.8600177238022034e-08	0.9118174	0.31513888	-0.2616037
4.870001354285466e-08	0.78608763	0.5554675	-0.2693575
4.880009586649844e-08	0.59303474	0.7579561	-0.26987356
4.890017717644176e-08	0.35715032	0.89590585	-0.2625514
4.900000928328612e-08	0.10601634	0.96055573	-0.2556321
4.910008243901185e-08	-0.14850959	0.95461845	-0.25668892
4.920015728712571e-08	-0.39965987	0.877137	-0.26459998
4.930023665377897e-08	-0.6308442	0.7265061	-0.27061838
4.94000746516313e-08	-0.8130519	0.5159377	-0.26796317
4.9500155051219354e-08	-0.9261176	0.2721727	-0.2596417
4.9600230481837896e-08	-0.96639884	0.018710598	-0.2549332
4.9700060618001255e-08	-0.9364505	-0.2349492	-0.2589651
4.980013735677063e-08	-0.83382094	-0.48200265	-0.26735932
4.990021903164637e-08	-0.6601216	-0.6999544	-0.27075735
5.000005995081317e-08	-0.4350794	-0.85988224	-0.2653299
5.010013674617371e-08	-0.18620929	-0.9478424	-0.25719276
5.02002105410084e-08	0.068070054	-0.9640659	-0.25535336
5.030004306206335e-08	0.32070774	-0.9098158	-0.26179856
5.040012164234694e-08	0.5610547	-0.7820651	-0.26948294
5.050020310779309e-08	0.7622126	-0.58760417	-0.2697671
5.060004289864044e-08	0.89814204	-0.35163936	-0.26235622
5.070011981711379e-08	0.96125203	-0.09973358	-0.25554642
5.0800193177338924e-08	0.9535805	0.15479524	-0.25682896
5.090002737666726e-08	0.87456214	0.40513277	-0.2647938
5.1000105777069055e-08	0.72236764	0.6355592	-0.2706632
5.11001888098119e-08	0.51017207	0.8167397	-0.26779208
5.120002491403957e-08	0.2665635	0.9277992	-0.25946295
5.1300099681476134e-08	0.013026796	0.96649396	-0.2549268
5.140017267458584e-08	-0.24120736	0.9348032	-0.25915676
5.150000736830824e-08	-0.48729697	0.8306838	-0.26752216
5.160008509042548e-08	-0.7042476	0.6555524	-0.27072707
5.170016805709642e-08	-0.8629467	0.42910153	-0.26512185
5.180000182687483e-08	-0.9489716	0.18056373	-0.25705847
5.190007455576072e-08	-0.9636303	-0.07374586	-0.25542
5.200014868129914e-08	-0.9075508	-0.32688257	-0.26201636
5.210022844065759e-08	-0.7779935	-0.56662786	-0.26960403
5.220006767836334e-08	-0.58267313	-0.7660254	-0.26966578
5.2300151290908546e-08	-0.34550813	-0.9005839	-0.26213828
5.2400226325783634e-08	-0.093448944	-0.9619056	-0.2554652
5.250005641349377e-08	0.1604608	-0.9526075	-0.25695822
5.2600131398041355e-08	0.41117558	-0.8716711	-0.26500553
5.270020962048885e-08	0.64074653	-0.7177534	-0.2707068
5.2800050475981005e-08	0.82001865	-0.5049702	-0.26763588
5.290013014717387e-08	0.929618	-0.26034984	-0.2592686
5.300020386649573e-08	0.96655864	-0.0067346757	-0.2549259
5.310003534654343e-08	0.9332806	0.24684298	-0.2593326
5.320011273903311e-08	0.8271674	0.49314302	-0.26769957
5.330019344966488e-08	0.65044665	0.70898163	-0.27068716
5.340003150556273e-08	0.42369348	0.865675	-0.26493135
5.350010718248306e-08	0.17429882	0.9501832	-0.2569124
5.360018048112829e-08	-0.08004502	0.96310616	-0.25549826
5.37000124022462e-08	-0.33245382	0.9054661	-0.26221266
5.380009162681418e-08	-0.5716361	0.7742836	-0.26970834
5.390017071893091e-08	-0.7702101	0.5771864	-0.26954895
5.4000011751338435e-08	-0.90274465	0.33997744	-0.26194343
5.4100086410511814e-08	-0.962458	0.08778171	-0.25539726
5.420016040877118e-08	-0.9514866	-0.16674438	-0.25710636
5.4300237099919946e-08	-0.86872804	-0.41721925	-0.26521683
5.440007255862252e-08	-0.7135496	-0.64540994	-0.270741
5.450015601812627e-08	-0.49917325	-0.82361984	-0.26745763
5.46002352367874e-08	-0.25412494	-0.9313944	-0.2590754
5.470006637653265e-08	-0.0010513498	-0.96658057	-0.2549293
5.480014057207482e-08	0.25309193	-0.9315489	-0.25952896
5.490021647307406e-08	0.49896997	-0.8236076	-0.26787242
5.5000053897071984e-08	0.7132121	-0.6458227	-0.27064624
5.5100137064195864e-08	0.8686571	-0.41768378	-0.26471955
5.5200212376227385e-08	0.9513515	-0.16802752	-0.2567714
5.530004278834099e-08	0.96259594	0.08572893	-0.2555741
5.540011733897961e-08	0.9031107	0.33862534	-0.26243168
5.550019774679887e-08	0.770126	0.5771717	-0.26981935
5.560003342276024e-08	0.5722059	0.773957	-0.26943827
5.570011321425622e-08	0.33383715	0.90509814	-0.2617266
5.580018891440547e-08	0.08149436	0.9630302	-0.2553262
5.590001870998174e-08	-0.17240492	0.9504391	-0.25724286
5.6000093697296096e-08	-0.42264527	0.86604184	-0.2654046
5.610017211668129e-08	-0.650537	0.70886576	-0.27077296
5.620001354341293e-08	-0.8268229	0.4939403	-0.26729527
5.630009262060027e-08	-0.9329554	0.2485164	-0.25890505
5.640016704800063e-08	-0.9665642	-0.0052419747	-0.2549395
5.650023989197837e-08	-0.92977506	-0.25932655	-0.25972867
5.660007467805208e-08	-0.8203596	-0.5042083	-0.26802582
5.670015572762961e-08	-0.6406635	-0.7178699	-0.2705949
5.6800239745057214e-08	-0.41166344	-0.87159336	-0.26450548
5.690007408065684e-08	-0.16236664	-0.95236856	-0.2566474
5.700014642621464e-08	0.09203006	-0.96198976	-0.25566277
5.7100220990244585e-08	0.3447886	-0.9007099	-0.2626502
5.7200058370200886e-08	0.5821387	-0.7663437	-0.2699147
5.730014019762505e-08	0.7780746	-0.5666561	-0.26931158
5.7400222240346045e-08	0.90741444	-0.32766625	-0.2615112
5.750005514048667e-08	0.9635113	-0.07580076	-0.25526768
5.760012827785519e-08	0.9492302	0.17870817	-0.2573998
5.7700204281690924e-08	0.863002	0.4286851	-0.2656132
5.780003972461696e-08	0.70458305	0.6551628	-0.27079692
5.790012091349634e-08	0.4880963	0.8303474	-0.26711017
5.800020144753226e-08	0.24226508	0.93465215	-0.25871688
5.810003143234725e-08	-0.010939358	0.96651286	-0.25495297
5.820010572163449e-08	-0.26497245	0.9281293	-0.25991058
5.830018296148658e-08	-0.5100178	0.8167044	-0.26819175
5.840001813021147e-08	-0.72204596	0.6359757	-0.27054352
5.850010125255888e-08	-0.8742056	0.40621653	-0.26431197
5.8600177502406914e-08	-0.9534547	0.15608753	-0.25651488
5.870000798778182e-08	-0.96140516	-0.09771915	-0.25574782
5.8800081853794507e-08	-0.8985034	-0.35034543	-0.26284823
5.890016324411712e-08	-0.762105	-0.58762914	-0.27001527
5.9000002037359625e-08	-0.56162965	-0.78175294	-0.26919192
5.910008309124303e-08	-0.32210338	-0.9094616	-0.2613167
5.9200158257853146e-08	-0.0695033	-0.9640026	-0.25520703
5.930023078282661e-08	0.18499112	-0.94798106	-0.25755918
5.9400063758599504e-08	0.4341014	-0.8602315	-0.26579764
5.950014123895851e-08	0.66023743	-0.69982195	-0.2708171
5.9600225048515096e-08	0.8338211	-0.48224515	-0.26692277
5.970006049974292e-08	0.9361392	-0.23664072	-0.25855106
5.980013477822013e-08	0.9664153	0.01724403	-0.25497398
5.990020809815443e-08	0.92626685	0.27120984	-0.2601146
6.000004368254883e-08	0.8133752	0.5152318	-0.26833823
6.010012419312774e-08	0.6307477	0.72664154	-0.27048045
6.02002069645616e-08	0.4001643	0.87705976	-0.26409504
6.030004175541268e-08	0.15041499	0.95439833	-0.25639847
6.040011497913351e-08	-0.10402886	0.9607159	-0.25584635
6.050018897294126e-08	-0.35650206	0.8960122	-0.263067
6.060002694718505e-08	-0.5925582	0.7582474	-0.270101
6.070011102259712e-08	-0.7857938	0.5560299	-0.2690555
6.080019302751195e-08	-0.911692	0.31591743	-0.2611031
6.090002463050305e-08	-0.9644097	0.063809216	-0.25515792
6.100009755656646e-08	-0.946813	-0.19067268	-0.2577077
6.110017320441202e-08	-0.85710734	-0.4401105	-0.26600176
6.120001037977261e-08	-0.69547606	-0.66480815	-0.27083024
6.130009431829691e-08	-0.47693363	-0.8369274	-0.26674968
6.140017200036519e-08	-0.23037772	-0.93775195	-0.25836873
6.150000319319408e-08	0.02294925	-0.9662903	-0.25499755
6.160007707848845e-08	0.27685273	-0.92454195	-0.2603004
6.170015546036009e-08	0.5210088	-0.8096329	-0.26849645
6.180023396810352e-08	0.73120254	-0.6254849	-0.27041215
6.19000756960298e-08	0.8796007	-0.39468265	-0.26389948
6.200015293155071e-08	0.9554043	-0.14411506	-0.25627503
6.210022672744344e-08	0.9599813	0.11035077	-0.25595158
6.220005782963011e-08	0.8937197	0.3620619	-0.2632659
6.23001386892524e-08	0.75392044	0.5980115	-0.2701918
6.240021976694651e-08	0.55040395	0.7897943	-0.26891375
6.250005746931231e-08	0.3103344	0.9136642	-0.26091078
6.2600132234982e-08	0.057499148	0.96482	-0.25510848
6.270020501072673e-08	-0.19696388	0.9454771	-0.25787532
6.28000400710274e-08	-0.44552088	0.8542492	-0.26618332
6.290012261873402e-08	-0.669842	0.6906253	-0.2708393
6.300020352594762e-08	-0.8403233	0.471037	-0.26655668
6.310003903659878e-08	-0.9391683	0.22472489	-0.2582085
6.320011182421199e-08	-0.9661106	-0.029269934	-0.25503027
6.330018552966018e-08	-0.92258775	-0.28309864	-0.26050928
6.340002125610316e-08	-0.8062191	-0.5262022	-0.26863623
6.350010241697312e-08	-0.6207026	-0.73529184	-0.2703449
6.360018556531319e-08	-0.38859582	-0.88237417	-0.26368064
6.370001915087631e-08	-0.1384309	-0.9562742	-0.25616696
6.380009182184849e-08	0.116047285	-0.9592823	-0.2560498
6.390016622235174e-08	0.36820793	-0.89113843	-0.26348457
6.40000028612198e-08	0.60289806	-0.7499901	-0.27026802
6.410008377374773e-08	0.7933636	-0.54531324	-0.26878262
6.420016557309407e-08	0.9158079	-0.3041367	-0.26070005
6.430023935667931e-08	0.9651872	-0.051187687	-0.25506538
6.440006961246612e-08	0.94423324	0.20263961	-0.25803047
6.4500147211038e-08	0.8510395	0.4515007	-0.26638275
6.460022712648654e-08	0.6857516	0.6748295	-0.27084184
6.470006744520162e-08	0.46570683	0.8433469	-0.26637894
6.480014542680036e-08	0.2184647	0.94069386	-0.25803298
6.490021897589853e-08	-0.035585918	0.9658884	-0.2550677
6.500005139974571e-08	-0.28872758	0.92078656	-0.26069808
6.510012845782788e-08	-0.5319314	0.802399	-0.26878592
6.520020986604516e-08	-0.73977613	0.61538696	-0.2702657
6.530005006626146e-08	-0.884833	0.38310346	-0.26348415
6.540012625707831e-08	-0.95719606	0.13213544	-0.25605306
6.550019968289812e-08	-0.95846593	-0.12235995	-0.25616452
6.560003200810415e-08	-0.88876945	-0.37374607	-0.2636825
6.570011217706481e-08	-0.7455898	-0.6082949	-0.27034763
6.580019513695232e-08	-0.53963745	-0.7972873	-0.26863164
6.590003343875202e-08	-0.29853344	-0.9177054	-0.2605099
6.600010897530276e-08	-0.045481082	-0.96548253	-0.25503066
6.610018323347647e-08	0.20894143	-0.9428094	-0.25820524
6.620001789757378e-08	0.45689422	-0.84809875	-0.26655978
6.630009961222233e-08	0.6793171	-0.6813075	-0.27083892
6.640018218623184e-08	0.8466638	-0.45976773	-0.26618
6.650001824180487e-08	0.9420369	-0.21279296	-0.25787827
6.660009224931225e-08	0.96564996	0.041305695	-0.25510743
6.67001664398872e-08	0.9187412	0.2949775	-0.26091045
6.68000006077672e-08	0.7989022	0.5371006	-0.26891807
6.690008215084596e-08	0.61054945	0.74380255	-0.2701883
6.700016519111212e-08	0.3769869	0.88752365	-0.2632638
6.7100242192222e-08	0.12581798	0.95807725	-0.25594288
6.720007238356625e-08	-0.12807077	0.95769006	-0.25627178
6.730014818157254e-08	-0.37988952	0.8860939	-0.26390073
6.740022701632579e-08	-0.6136707	0.7411437	-0.2704213
6.750006473168598e-08	-0.80078906	0.5344991	-0.26849258
6.760014653601098e-08	-0.91976607	0.2923146	-0.26030207
6.770022016496263e-08	-0.96576834	0.039161347	-0.25499862
6.780005080857955e-08	-0.94148797	-0.21461663	-0.25836664
6.790012737549544e-08	-0.8448014	-0.4628473	-0.2667541
6.800020903327186e-08	-0.6763608	-0.6842462	-0.27082974
6.810004753383322e-08	-0.45441055	-0.84960985	-0.26599783
6.82001250209468e-08	-0.20652895	-0.94347745	-0.25771004
6.830019836149624e-08	0.047615696	-0.96534616	-0.2551561
6.84000289052842e-08	0.30058503	-0.9168657	-0.26110172
6.850010665685948e-08	0.5427829	-0.7950034	-0.26905906
6.860018785409249e-08	0.7482061	-0.6051863	-0.2700985
6.870002821020288e-08	0.88990116	-0.37148365	-0.26306704
6.880010261274696e-08	0.95883054	-0.12014844	-0.25584966
6.89001761573584e-08	0.9567925	0.13436833	-0.25639597
6.900000712581446e-08	0.8836545	0.38539106	-0.26409703
6.910008832367068e-08	0.7371147	0.6184765	-0.2704829
6.920016848194218e-08	0.52880174	0.8046173	-0.26833412
6.930000755904265e-08	0.2867201	0.9215795	-0.26011616
6.940008140959368e-08	0.033476435	0.96598876	-0.25497434
6.950015483488767e-08	-0.22088742	0.9399853	-0.2585476
6.960023172184986e-08	-0.46877065	0.8414669	-0.26694423
6.970006679052382e-08	-0.68864393	0.671888	-0.27081653
6.980015118728951e-08	-0.85282564	0.4484698	-0.26579538
6.990022856355704e-08	-0.9448719	0.20026927	-0.257547
7.000005945291791e-08	-0.96503526	-0.053303875	-0.2552057
7.010013413132479e-08	-0.9147421	-0.3067987	-0.2613163
7.020021253454065e-08	-0.7910589	-0.54844636	-0.26919603
7.030004974618898e-08	-0.6003231	-0.75214547	-0.270012
7.040013233186859e-08	-0.36537507	-0.89249337	-0.26284742
7.05002085137719e-08	-0.113853	-0.9596259	-0.25575
7.060003875262987e-08	0.14005224	-0.955945	-0.2565113
7.070011301484076e-08	0.39149007	-0.88090265	-0.26431292
7.08001914382551e-08	0.6237724	-0.7326148	-0.27054527
7.090003027268259e-08	0.8080329	-0.52364445	-0.2681884
7.100011116326856e-08	0.9235466	-0.28051344	-0.25991312
7.11001851263782e-08	0.96619225	-0.02717371	-0.25495377
7.120001640490678e-08	0.9385907	0.22654323	-0.2587145
7.130009335097901e-08	0.8384188	0.4741022	-0.26711398
7.140017358513954e-08	0.66688156	0.6935016	-0.27079588
7.150001412892603e-08	0.44309202	0.85569155	-0.2656096
7.160009153593681e-08	0.19461444	0.94609356	-0.25740227
7.170016456472082e-08	-0.059612513	0.96464986	-0.25526536
7.180023985001543e-08	-0.31300575	0.91257346	-0.26153103
7.190007422483738e-08	-0.55352986	0.7874684	-0.26931468
7.200015493115084e-08	-0.75647247	0.59490824	-0.26991168
7.210023845192569e-08	-0.89504087	0.35925424	-0.262629
7.220007051101604e-08	-0.9603057	0.10817625	-0.25566554
7.230014372869764e-08	-0.95496404	-0.1463511	-0.25664452
7.240021889053956e-08	-0.87810403	-0.39757943	-0.26452875
7.250005559281324e-08	-0.728514	-0.628534	-0.27059668
7.260014064105409e-08	-0.51789254	-0.8117882	-0.26802152
7.270022058166491e-08	-0.27428675	-0.9254737	-0.2597107
7.280005228732811e-08	-0.021473266	-0.9663397	-0.2549395
7.290012597279828e-08	0.23282138	-0.9369997	-0.2589019
7.300020320593628e-08	0.48000675	-0.8349916	-0.26729858
7.31000395709487e-08	0.6978541	-0.6623354	-0.2707722
7.320012433520127e-08	0.8588294	-0.43710858	-0.26540262
7.33002010665787e-08	0.94740736	-0.18833466	-0.25724655
7.340003179085799e-08	0.9642643	0.06531538	-0.2553249
7.350010548329274e-08	0.9105749	0.31860694	-0.26172686
7.360018461290058e-08	0.7834361	0.5591588	-0.26944253
7.370002337927938e-08	0.58998543	0.7603532	-0.2698157
7.380010647256865e-08	0.35371232	0.8973052	-0.26243073
7.390018110103002e-08	0.10186702	0.9610201	-0.25557616
7.400001203545651e-08	-0.15204673	0.9540394	-0.2567684
7.410008663163034e-08	-0.40307266	0.87553596	-0.264722
7.42001659131958e-08	-0.6337881	0.72392786	-0.27064818
7.430000433492399e-08	-0.8151315	0.5126964	-0.267869
7.440008372484988e-08	-0.92717075	0.26867324	-0.25953168
7.450015784721928e-08	-0.96646184	0.015164703	-0.25493032
7.460023147801982e-08	-0.9353657	-0.23908797	-0.2590931
7.470006675855357e-08	-0.8318636	-0.48531398	-0.26746288
7.480014636711769e-08	-0.657266	-0.70264345	-0.27074003
7.490022978146619e-08	-0.43112022	-0.8619175	-0.26519302
7.500006325125111e-08	-0.18267667	-0.94855297	-0.25710922
7.510013738645233e-08	0.071625404	-0.9637969	-0.25539547
7.520021355039983e-08	0.32480773	-0.90831697	-0.26194382
7.530004941366807e-08	0.56420946	-0.77976733	-0.26955295
7.540012913245865e-08	0.76460433	-0.5845179	-0.26970536
7.550021190199688e-08	0.89976585	-0.3475749	-0.26221305
7.560004404491756e-08	0.96162605	-0.09618377	-0.2555012
7.570011786356757e-08	0.9529743	0.15834713	-0.2569108
7.580019375204165e-08	0.87264764	0.40914544	-0.26493567
7.590003288863625e-08	0.7197546	0.6385054	-0.27068955
7.600011820517082e-08	0.50689644	0.8188095	-0.26769456
7.61001977160169e-08	0.26242286	0.92901623	-0.2593336
7.620002906141135e-08	0.009450459	0.96653575	-0.2549263
7.630010292480586e-08	-0.24476047	0.9338474	-0.25926787
7.640018041496206e-08	-0.4911968	0.82834405	-0.26764137
7.650001740154404e-08	-0.7069452	0.65265137	-0.27070594
7.660010291229252e-08	-0.86467683	0.4256812	-0.26500258
7.67001794986095e-08	-0.94978696	0.1763719	-0.2569613
7.680000998024233e-08	-0.9633358	-0.07734461	-0.25546506
7.690008443332111e-08	-0.90623397	-0.33041322	-0.26214176
7.700016334338811e-08	-0.77564657	-0.5698033	-0.26967144
7.710000205388292e-08	-0.5795375	-0.76842415	-0.26960006
7.720008572932967e-08	-0.34200072	-0.90195876	-0.26201496
7.730016164896468e-08	-0.08985109	-0.96226025	-0.25542206
7.740023445687997e-08	0.1646739	-0.9518606	-0.25705758
7.750006694735677e-08	0.41463494	-0.86999273	-0.26512706
7.760014770307058e-08	0.64371306	-0.71508515	-0.27072972
7.770022827622227e-08	0.8224367	-0.5010871	-0.2675178
7.780006426389476e-08	0.93063945	-0.25678903	-0.25915876
7.790013793243967e-08	0.9665764	-0.0031291514	-0.25492844
7.800021180782293e-08	0.9321245	0.25103194	-0.25946492
7.810004780564241e-08	0.8251318	0.49648586	-0.2678
7.820012440276223e-08	0.6475173	0.7116677	-0.2706623
7.83002069215321e-08	0.41966766	0.8676783	-0.26478982
7.840004206938834e-08	0.17070492	0.950858	-0.2568314
7.850011608034967e-08	-0.08365903	0.9627857	-0.25554633
7.86001917191702e-08	-0.33660188	0.90388834	-0.26236007
7.870003078628378e-08	-0.574821	0.77189875	-0.26977324
7.880011308845622e-08	-0.7726079	0.5740064	-0.26947942
7.890019568220906e-08	-0.9043382	0.335833	-0.26179785
7.900002901503045e-08	-0.9627935	0.08415135	-0.25535628
7.910010119386344e-08	-0.95081997	-0.17036717	-0.25719407
7.920017792913796e-08	-0.86701125	-0.4206965	-0.265338
7.930001407654522e-08	-0.7108464	-0.6483774	-0.27076066
7.940009412376061e-08	-0.49582934	-0.8256718	-0.2673542
7.950017273838033e-08	-0.25054106	-0.9323961	-0.25896627
7.960000308210978e-08	0.0025728918	-0.9665764	-0.25493458
7.970007525172613e-08	0.25667986	-0.9305337	-0.2596436
7.980015319676832e-08	0.50231636	-0.82153785	-0.26797083
7.990023497156391e-08	0.71635735	-0.6423466	-0.27061272
8.000007309338872e-08	0.8703518	-0.41422144	-0.26459727
8.010014924590857e-08	0.95200425	-0.16441652	-0.25669247
8.020022342991682e-08	0.9621919	0.08997675	-0.2556338
8.030005488976201e-08	0.9017331	0.34217677	-0.26255807
8.040013314746292e-08	0.767717	0.58034253	-0.269881
8.050021113906702e-08	0.5684774	0.77672994	-0.26935357
8.060005050086649e-08	0.33029097	0.9064352	-0.26160258
8.070012560324419e-08	0.07786862	0.9633406	-0.25528842
8.080019937105077e-08	-0.17664512	0.94963074	-0.2573479
8.090003147242536e-08	-0.42611757	0.8643007	-0.2655247
8.100011209409015e-08	-0.6534906	0.7061375	-0.27078897
8.110019598960839e-08	-0.82920325	0.4900034	-0.2671713
8.120003280458393e-08	-0.9339382	0.24491529	-0.2587966
8.130010687963426e-08	-0.9665354	-0.008882225	-0.2549478
8.140018118939844e-08	-0.92872715	-0.26293606	-0.25984508
8.150001573599999e-08	-0.81825656	-0.5075615	-0.26812226
8.160009549232062e-08	-0.637668	-0.7205445	-0.27056247
8.170017791946033e-08	-0.40818357	-0.8732672	-0.26438156
8.180001157550589e-08	-0.15874803	-0.95299995	-0.25657016
8.190008488951621e-08	0.09566574	-0.96162033	-0.25571635
8.200015826907313e-08	0.3483383	-0.89930505	-0.26277637
8.210023903865658e-08	0.58584154	-0.7634918	-0.269983
8.220007575752109e-08	0.7804235	-0.56345385	-0.26923603
8.230015745937674e-08	0.9087242	-0.32411918	-0.26138744
8.240023180438446e-08	0.9638464	-0.071563266	-0.2552266
8.250006183697916e-08	0.9485172	0.18232098	-0.2574913
8.260013829793965e-08	0.86123896	0.43214113	-0.26573142
8.270021925541051e-08	0.7013744	0.65859044	-0.27081126
8.280006028355965e-08	0.4847218	0.8323576	-0.26700222
8.290013974512809e-08	0.23866645	0.9356079	-0.2586103
8.300021378312292e-08	-0.015196806	0.96645176	-0.2549664
8.310004604690418e-08	-0.26857695	0.9270587	-0.26002806
8.320012364397844e-08	-0.51335853	0.8145766	-0.26828587
8.330020681057465e-08	-0.72516143	0.6324393	-0.2705018
8.340004869184302e-08	-0.8758663	0.40270787	-0.26418677
8.350012531519608e-08	-0.9540652	0.15244137	-0.25644
8.360019821663611e-08	-0.9609426	-0.101995274	-0.25581443
8.370002981589518e-08	-0.89706385	-0.35391775	-0.2629755
8.380010874417298e-08	-0.7596315	-0.5907968	-0.27007112
8.390019013930484e-08	-0.5578443	-0.78449106	-0.2691
8.400002905418434e-08	-0.3185249	-0.91075784	-0.26119274
8.410010369716551e-08	-0.06585189	-0.96426773	-0.25517493
8.420017703768503e-08	0.18863618	-0.9472359	-0.25765404
8.430001102696935e-08	0.43758374	-0.8584275	-0.26591614
8.440008901059779e-08	0.66317254	-0.6970374	-0.27082637
8.45001729506882e-08	0.8358181	-0.47883874	-0.26681262
8.460000871720531e-08	0.93707883	-0.23301284	-0.2584456
8.470008255135695e-08	0.96633893	0.02090699	-0.25498906
8.480015743844127e-08	0.92516243	0.27483684	-0.2602344
8.490023415134961e-08	0.8108462	0.5191452	-0.26844636
8.500007205093903e-08	0.6276992	0.7292913	-0.2704417
8.510015655941944e-08	0.39664048	0.878698	-0.26396924
8.520023261081382e-08	0.14614785	0.95508444	-0.2563143
8.53000626943648e-08	-0.10769174	0.96029556	-0.25590667
8.54001378129625e-08	-0.36007565	0.89454335	-0.2631947
8.5500217067483e-08	-0.59625214	0.7553232	-0.27016312
8.560005516463258e-08	-0.7881138	0.5527772	-0.26897448
8.570013853891936e-08	-0.9129633	0.31233078	-0.26097998
8.580021344906802e-08	-0.9646923	0.059532903	-0.25512427
8.590004360957898e-08	-0.9460435	-0.19432187	-0.25780493
8.600011957620886e-08	-0.85527515	-0.44358817	-0.26611906
8.61001999835787e-08	-0.692196	-0.66821975	-0.27083713
8.62000396081603e-08	-0.47351903	-0.83890057	-0.26663807
8.63001188203617e-08	-0.22674534	-0.93866634	-0.25826526
8.640019139008075e-08	0.027230168	-0.96617335	-0.25501895
8.650002172135673e-08	0.28047132	-0.9234155	-0.2604211
8.660009923837342e-08	0.52434266	-0.80744684	-0.2685866
8.670017925213499e-08	0.7338294	-0.6224197	-0.27037
8.680001772865547e-08	0.88120925	-0.39116567	-0.26377362
8.690009354817003e-08	0.9559652	-0.14047542	-0.25620586
8.700016640554437e-08	0.9595377	0.11399847	-0.25601447
8.710024182597969e-08	0.8919794	0.3662181	-0.26341432
8.720007911416691e-08	0.7514043	0.601147	-0.2702414
8.730016311918294e-08	0.5471355	0.7920915	-0.26882967
8.740000127078613e-08	0.30674428	0.91491187	-0.26078814
8.750007622669687e-08	0.053840816	0.9650381	-0.2550826
8.760014942320941e-08	-0.20061114	0.944682	-0.2579744
8.770022709915679e-08	-0.44957358	0.85208	-0.2663184
8.78000643580221e-08	-0.67273504	0.6878066	-0.27084166
8.790014779479296e-08	-0.8422705	0.46761292	-0.2664431
8.80002262798219e-08	-0.9402072	0.22048156	-0.2580896
8.810005575764715e-08	-0.965987	-0.03293134	-0.25505155
8.820012990796311e-08	-0.92143476	-0.28671527	-0.26063085
8.830020698193821e-08	-0.8036364	-0.5300849	-0.26873845
8.840004340486165e-08	-0.6176304	-0.7378913	-0.2702996
8.850012637820368e-08	-0.3850748	-0.88395536	-0.26355433
8.860020141133556e-08	-0.13417657	-0.956902	-0.2560892
8.870003166090639e-08	0.11969562	-0.9588159	-0.2561153
8.880010624633522e-08	0.3717555	-0.88962567	-0.26361114
8.890018527904819e-08	0.60654485	-0.7470235	-0.27032238
8.900002479189368e-08	0.79563487	-0.54203796	-0.26869622
8.910010509689548e-08	0.9170259	-0.300553	-0.2605787
8.9200179787054e-08	0.9653801	-0.047537465	-0.25504294
8.930001049489718e-08	0.9434168	0.2062771	-0.2581312
8.940008701906833e-08	0.8491639	0.45494977	-0.26649642
8.950016514674482e-08	0.68291986	0.67769563	-0.27084047
8.960000310686078e-08	0.46229482	0.8452591	-0.2662646
8.970008185358887e-08	0.21485229	0.9415537	-0.25793377
8.98001550846212e-08	-0.039227437	0.9657408	-0.25509223
8.99002296415202e-08	-0.2929284	0.9194172	-0.26084033
9.000006609383551e-08	-0.5352289	0.80017394	-0.26887044
9.010014611295626e-08	-0.7423441	0.61230886	-0.27021703
9.02002301143412e-08	-0.88664806	0.37898976	-0.26333627
9.030006264711641e-08	-0.95770776	0.12850499	-0.25598925
9.040013677312544e-08	-0.9579755	-0.1259994	-0.25623262
9.050021163204022e-08	-0.8869753	-0.37787816	-0.26382962
9.06000498708485e-08	-0.74303544	-0.6113927	-0.27039078
9.070013173389364e-08	-0.53636116	-0.79952574	-0.268543
9.080021125440308e-08	-0.29435217	-0.9190962	-0.26036954
9.090004291511766e-08	-0.041848768	-0.9656521	-0.25501126
9.100011603849107e-08	0.21255502	-0.9419724	-0.25830737
9.110019180667889e-08	0.4608945	-0.8458891	-0.26669025
9.120002735262593e-08	0.68214333	-0.6784796	-0.27083442
9.130010999778018e-08	0.8485386	-0.45636734	-0.26606494
9.14001869879338e-08	0.94300747	-0.20859389	-0.25776538
9.150001697365898e-08	0.9654813	0.04491637	-0.25513476
9.16000915432796e-08	0.91755486	0.29853773	-0.2610321
9.170017173787963e-08	0.7962879	0.54092014	-0.26901346
9.18000094470358e-08	0.60747725	0.74633276	-0.2701372
9.190009195212939e-08	0.37349114	0.8890387	-0.26313835
9.200016690926934e-08	0.12221725	0.9585598	-0.25588283
9.210023847566849e-08	-0.13229102	0.9570934	-0.25635415
9.220007204128027e-08	-0.38338414	0.88454914	-0.26402515
9.230015266067267e-08	-0.6167255	0.7385887	-0.2704609
9.240023420969571e-08	-0.8033639	0.53067636	-0.26838702
9.250007373325846e-08	-0.92092353	0.28875718	-0.26018405
9.260014709170193e-08	-0.96591234	0.035546593	-0.25498298
9.27002204564354e-08	-0.94048357	-0.21882829	-0.2584882
9.280005484550916e-08	-0.8428934	-0.4662482	-0.26686388
9.290013484928714e-08	-0.67351675	-0.6870489	-0.270822
9.300021728648348e-08	-0.4504211	-0.85177535	-0.26586184
9.310005177821236e-08	-0.20293817	-0.9442828	-0.25761586
9.320012478220291e-08	0.05123201	-0.96515256	-0.25518698
9.330019950518277e-08	0.30475885	-0.91544455	-0.2612455
9.34000349849162e-08	0.54603475	-0.79274577	-0.26913813
9.350011526577918e-08	0.7507148	-0.6020965	-0.27004427
9.360019836374552e-08	0.89164734	-0.36738116	-0.26291996
9.370003096549159e-08	0.95929223	-0.116536	-0.2557921
9.380010383508214e-08	0.9562575	0.13798356	-0.2564692
9.390017651320804e-08	0.8818124	0.38948578	-0.26424247
9.400001519768855e-08	0.73453605	0.6215204	-0.2705196
9.410009704576965e-08	0.5255195	0.80679643	-0.26824155
9.420017712005128e-08	0.28255063	0.9229062	-0.25997922
9.430000816673085e-08	0.029859964	0.9661107	-0.2549618
9.440008166913177e-08	-0.22448471	0.93910253	-0.2586533
9.450015860250627e-08	-0.47216272	0.8395327	-0.26705235
9.46002408078208e-08	-0.69191563	0.6685237	-0.27080363
9.470008249317247e-08	-0.8546572	0.44504184	-0.2656777
9.480015984662094e-08	-0.94565505	0.19666313	-0.25745484
9.490023309882108e-08	-0.96478045	-0.057551526	-0.25524572
9.50000645187009e-08	-0.9135002	-0.31036922	-0.2614401
9.510014074516162e-08	-0.78877556	-0.55168676	-0.2692724
9.52002216811312e-08	-0.5966829	-0.75506127	-0.26994506
9.530006204977457e-08	-0.3618578	-0.89396334	-0.26272172
9.540013566029655e-08	-0.11024032	-0.9600626	-0.25569573
9.550020822995155e-08	0.14428395	-0.9552908	-0.25660023
9.560004022057655e-08	0.39498568	-0.8793024	-0.2644368
9.570011986584538e-08	0.6268051	-0.730009	-0.27057868
9.580020269270175e-08	0.8105594	-0.5197841	-0.26807728
9.59000412729349e-08	0.9246588	-0.27693784	-0.2597971
9.600011558953888e-08	0.9662901	-0.023544429	-0.25494456
9.610018922261286e-08	0.9375261	0.23076382	-0.25884065
9.620002427884622e-08	0.8364541	0.47749823	-0.2672209
9.630010455145996e-08	0.6639865	0.69627964	-0.27078146
9.640018714844192e-08	0.43907127	0.857806	-0.26547042
9.650002041794432e-08	0.19100998	0.94685304	-0.25731224
9.660009363743178e-08	-0.063240506	0.9644087	-0.25530264
9.670016834633237e-08	-0.3165706	0.911306	-0.26165542
9.680000375510022e-08	-0.55676395	0.785159	-0.26938868
9.69000844828279e-08	-0.7589444	0.59177965	-0.26985157
9.700016746087828e-08	-0.8964852	0.3557302	-0.26250345
9.71000016649164e-08	-0.9607215	0.104549274	-0.25561398
9.720007466852484e-08	-0.9543791	-0.14997935	-0.25672346
9.730014948960199e-08	-0.8764721	-0.4010803	-0.2646524
9.740022884939484e-08	-0.72543323	-0.6320716	-0.27063212
9.750006926511987e-08	-0.51458204	-0.81392366	-0.26792446
9.76001486376074e-08	-0.27070978	-0.92655945	-0.25959605
9.770022359440907e-08	-0.017227437	-0.9664267	-0.25493243
9.780005406245427e-08	0.23642468	-0.93606585	-0.25901127
9.7900131771518e-08	0.48339033	-0.83300257	-0.26740336
9.800021293168769e-08	0.7010832	-0.65892524	-0.27075133
9.810005448481435e-08	0.86061275	-0.43366233	-0.26528248
9.820013006175967e-08	0.94814223	-0.1847253	-0.2571589
9.830020385219196e-08	0.96395415	0.06956468	-0.2553721
9.840003505786601e-08	0.90928185	0.32217392	-0.26185185
9.850011403039893e-08	0.7811007	0.56238145	-0.26951367
9.86001938264307e-08	0.58630925	0.7632183	-0.26974183
9.870003538672051e-08	0.3501815	0.8987268	-0.26230508
9.880011155966654e-08	0.098238625	0.9614111	-0.2555275
9.890018549000449e-08	-0.15629248	0.9533266	-0.2568636
9.90000170662211e-08	-0.40656918	0.8738793	-0.26484492
9.910009841939332e-08	-0.6368009	0.72126865	-0.27067506
9.920018070071284e-08	-0.81761074	0.5087966	-0.26775235
9.930001703723858e-08	-0.92823756	0.26507896	-0.2594177
9.94000897545182e-08	-0.96651286	0.011526279	-0.2549274
9.950016302230686e-08	-0.9344034	-0.24269918	-0.25920436
9.960024203832628e-08	-0.82950115	-0.48927298	-0.26758355
9.970007974706832e-08	-0.6543268	-0.7053897	-0.27071872
9.980016278809188e-08	-0.42765814	-0.86367893	-0.26507154
9.9900239153838e-08	-0.17843987	-0.94938725	-0.257009
