# t (s)	mx ()	my ()	mz ()
0	0.099875234	0.94881475	0.29962572
5.009204450375038e-11	0.1656445	0.9581274	0.23208599
1.0021270962564142e-10	0.21575351	0.9594221	0.18002069
1.5024629703665162e-10	0.25410432	0.95680827	0.13955763
2.0037881067710186e-10	0.28351	0.9526373	0.10805295
2.5050327510772277e-10	0.30598563	0.9481443	0.08359927
3.000041683332105e-10	0.3229702	0.9439766	0.06482773
3.5015842452931564e-10	0.33612618	0.94027823	0.050043784
4.0022440212500626e-10	0.3461327	0.9371831	0.038589187
4.502990885774439e-10	0.35373878	0.9346632	0.029694533
5.004511202954693e-10	0.35950238	0.93265533	0.022779211
5.505176030995779e-10	0.36382866	0.9310911	0.017419841
6.000832776118234e-10	0.36702582	0.92990285	0.013294699
6.502064792746845e-10	0.3694088	0.92899895	0.0100513445
7.002517383658743e-10	0.37112737	0.9283369	0.0075366944
7.503769062328885e-10	0.3723362	0.92786616	0.005580798
8.005060168934105e-10	0.37314764	0.9275478	0.0040621036
8.500158469368153e-10	0.37364626	0.9273513	0.0028957797
9.001652682669704e-10	0.3739132	0.927246	0.0019770567
9.502415270631008e-10	0.37399396	0.92721474	0.0012646976
1.0003254063255862e-09	0.3739307	0.9272407	0.00071134407
1.0504830995234718e-09	0.37375516	0.9273119	0.0002810005
1.1005504554528288e-09	0.373493	0.92741776	-5.2612344e-05
1.1501097486990902e-09	0.37316695	0.927549	-0.0003094811
1.2002340103701647e-09	0.3727848	0.9277028	-0.0005115834
1.250291348329143e-09	0.3723622	0.9278725	-0.0006684278
1.300407416547413e-09	0.37190717	0.928055	-0.00079049356
1.3505513069701908e-09	0.371427	0.92824745	-0.00088545354
1.4000496615400317e-09	0.3709339	0.92844474	-0.00095849007
1.4502002318998697e-09	0.3704191	0.92865026	-0.0010162045
1.5002921647189764e-09	0.369893	0.9288603	-0.001061144
1.55035506428239e-09	0.36935788	0.92907333	-0.0010962271
1.6005023850394644e-09	0.36881432	0.92928946	-0.0011237276
1.6500184489359624e-09	0.36827177	0.92950475	-0.0011450677
1.7001322605245373e-09	0.36771798	0.9297241	-0.0011621064
1.7502723768212064e-09	0.36716002	0.9299448	-0.0011756062
1.800329653302331e-09	0.3665999	0.93016607	-0.0011863515
1.850420110629617e-09	0.3660367	0.9303881	-0.0011949937
1.900019665068553e-09	0.3654769	0.9306084	-0.0012019556
1.9500679143469996e-09	0.36491007	0.93083096	-0.0012077374
2.0001980765826045e-09	0.36434066	0.9310541	-0.0012125871
2.0503189120407194e-09	0.36376986	0.93127745	-0.0012167029
2.1003691117638843e-09	0.36319852	0.9315008	-0.0012202744
2.150503936721718e-09	0.36262494	0.93172437	-0.0012234472
2.200046333262308e-09	0.36205685	0.9319456	-0.001226284
2.250135552277001e-09	0.36148134	0.93216914	-0.0012289422
2.3002811226335316e-09	0.36090404	0.9323931	-0.0012314556
2.3503643926017027e-09	0.36032626	0.93261683	-0.001233859
2.4004286098486003e-09	0.3597476	0.93284035	-0.0012362002
2.450041289228351e-09	0.35917297	0.93306196	-0.0012384953
2.5000847379932507e-09	0.35859227	0.93328553	-0.001240801
2.5502015399918233e-09	0.35800943	0.93350947	-0.0012431262
2.6003396276000864e-09	0.35742515	0.9337336	-0.0012454807
2.6503837943844785e-09	0.35684076	0.9339573	-0.0012478682
2.7005059395833263e-09	0.35625416	0.9341814	-0.0012503046
2.750067869414499e-09	0.35567278	0.9344031	-0.001252766
2.8001443211404707e-09	0.35508412	0.93462723	-0.0012553108
2.8502917522479186e-09	0.35449323	0.93485165	-0.001257929
2.9003781782727125e-09	0.35390162	0.9350761	-0.0012606133
2.950445089743054e-09	0.3533088	0.93530047	-0.0012633702
3.0000599521525267e-09	0.3527199	0.93552303	-0.001266179
3.0501057434634974e-09	0.3521243	0.9357475	-0.0012690807
3.1002196180942377e-09	0.35152644	0.9359725	-0.001272064
3.150349611226535e-09	0.3509267	0.93619776	-0.0012751272
3.200403735773599e-09	0.3503263	0.9364228	-0.0012782689
3.2500001583126595e-09	0.34972972	0.9366461	-0.0012814645
3.3000916490027002e-09	0.34912553	0.9368717	-0.0012847725
3.3501442933499695e-09	0.34851998	0.9370974	-0.0012881681
3.4002914150605883e-09	0.3479115	0.9373237	-0.0012916554
3.450388009333678e-09	0.3473018	0.93754995	-0.001295223
3.5004429513265004e-09	0.34669074	0.9377764	-0.0012988733
3.5500619060896675e-09	0.3460831	0.93800104	-0.0013025835
3.6001069443072456e-09	0.3454683	0.93822783	-0.0013064127
3.6502185027895866e-09	0.34485066	0.9384553	-0.0013103393
3.700358510107515e-09	0.3442306	0.93868315	-0.0013143604
3.750413953548126e-09	0.3436095	0.93891084	-0.0013184667
3.800006306757128e-09	0.342992	0.93913686	-0.0013226289
3.850100125292098e-09	0.34236607	0.9393655	-0.0013269276
3.900161413674644e-09	0.34173834	0.93959427	-0.0013313189
3.9503019773547935e-09	0.3411073	0.9398238	-0.00133582
4.0004075017140765e-09	0.34047437	0.9400536	-0.0013404137
4.0504606310436776e-09	0.3398397	0.9402834	-0.0013451019
4.100079569712525e-09	0.3392082	0.9405117	-0.0013498439
4.150119623585208e-09	0.33856878	0.9407422	-0.0013547275
4.20022640217943e-09	0.33792603	0.94097346	-0.0013597218
4.250369219745917e-09	0.33728024	0.9412054	-0.0013648287
4.300418327118175e-09	0.336633	0.94143736	-0.0013700288
4.350008375203761e-09	0.33598906	0.94166756	-0.001375288
4.400113847542471e-09	0.33533567	0.94190085	-0.0013807076
4.450162884446951e-09	0.33468026	0.9421341	-0.0013862267
4.500310225509307e-09	0.3340207	0.9423683	-0.0013918693
4.550409772331172e-09	0.3333589	0.94260293	-0.0013976222
4.60045810444367e-09	0.3326948	0.9428377	-0.0014034814
4.650079022630011e-09	0.33203334	0.9430712	-0.001409407
4.700131199415837e-09	0.33136314	0.9433071	-0.0014155031
4.7502263739854805e-09	0.33068925	0.9435438	-0.0014217183
4.800378531132596e-09	0.33001137	0.9437815	-0.0014280633
4.850438544233906e-09	0.32933146	0.94401914	-0.0014345197
4.900016518960076e-09	0.32865483	0.9442552	-0.0014410395
4.950126018815303e-09	0.32796758	0.94449425	-0.0014477511
5.0001753435420435e-09	0.3272778	0.9447338	-0.0014545826
5.050318971893158e-09	0.32658315	0.94497454	-0.0014615584
5.100426967572404e-09	0.32588544	0.9452156	-0.0014686601
5.150475175358279e-09	0.3251849	0.9454571	-0.0014758868
5.20009517082643e-09	0.3244868	0.9456971	-0.0014831879
5.250152412647163e-09	0.32377872	0.94594	-0.0014906891
5.30024032121268e-09	0.3230664	0.9461838	-0.0014983375
5.350392320581869e-09	0.32234928	0.94642866	-0.0015061342
5.400456395330969e-09	0.3216294	0.94667375	-0.0015140579
5.450026014970207e-09	0.32091266	0.94691736	-0.0015220525
5.500143930481798e-09	0.32018393	0.9471642	-0.0015302825
5.55018308546388e-09	0.31945208	0.94741154	-0.0015386513
5.6003211345240185e-09	0.3187145	0.94766015	-0.0015471956
5.650431861408579e-09	0.31797296	0.94790953	-0.0015558853
5.700482630366075e-09	0.31722793	0.9481594	-0.0015647225
5.7500969350574484e-09	0.31648493	0.94840795	-0.001573642
5.8001520177494525e-09	0.31573075	0.94865954	-0.001582809
5.85024936787772e-09	0.31497127	0.94891226	-0.0015921462
5.9003966331276105e-09	0.3142063	0.9491661	-0.0016016643
5.950458055553697e-09	0.31343776	0.94942033	-0.0016113406
6.000034976042225e-09	0.31267184	0.9496733	-0.0016210962
6.050152936903508e-09	0.3118925	0.9499297	-0.0016311416
6.100200080612831e-09	0.31110922	0.95018685	-0.0016413529
6.150329833994277e-09	0.31031936	0.95044535	-0.0016517651
6.200458999442405e-09	0.30952424	0.9507049	-0.0016623685
6.250498573186902e-09	0.30872518	0.9509648	-0.001673149
6.3001148633686536e-09	0.30792743	0.95122373	-0.0016840296
6.35017815898071e-09	0.30711693	0.9514861	-0.0016952043
6.400257187450122e-09	0.30630046	0.9517495	-0.0017065865
6.4504145343061906e-09	0.30547696	0.95201445	-0.0017181926
6.500476189788049e-09	0.3046491	0.9522799	-0.0017299891
6.550049523337124e-09	0.30382338	0.95254403	-0.0017418867
6.600157113434949e-09	0.30298272	0.952812	-0.0017541258
6.65020372894345e-09	0.3021368	0.95308095	-0.0017665697
6.700340632546601e-09	0.30128297	0.9533514	-0.0017792664
6.750459679177589e-09	0.30042306	0.953623	-0.0017921949
6.8005045597893765e-09	0.29955775	0.9538954	-0.0018053402
6.850113973254012e-09	0.29869345	0.95416677	-0.0018186098
6.9001818657893995e-09	0.29781437	0.95444185	-0.0018322433
6.950259440852981e-09	0.2969281	0.95471823	-0.0018461328
7.000407272396167e-09	0.29603356	0.9549963	-0.0018602982
7.050484362376648e-09	0.29513305	0.95527524	-0.0018747093
7.100044403506934e-09	0.29423466	0.9555527	-0.0018892295
7.150172781851527e-09	0.29331845	0.95583457	-0.0019041847
7.200217279006736e-09	0.29239622	0.95611745	-0.001919396
7.250335867876766e-09	0.29146478	0.956402	-0.0019349192
7.3004691736422826e-09	0.29052517	0.9566883	-0.001950733
7.3505169920375725e-09	0.2895791	0.95697534	-0.001966814
7.400112285384271e-09	0.28863353	0.95726126	-0.0019830503
7.4502005812909405e-09	0.2876702	0.95755136	-0.0019997593
7.500263403787824e-09	0.28669888	0.9578431	-0.002016769
7.550413320272902e-09	0.28571716	0.95813674	-0.002034132
7.600505526872652e-09	0.28472772	0.9584314	-0.0020518042
7.650045188234484e-09	0.28374022	0.9587246	-0.002069611
7.700177957323557e-09	0.28273183	0.9590228	-0.002087974
7.750234062887402e-09	0.28171563	0.95932215	-0.0021066614
7.800341858194823e-09	0.28068876	0.95962346	-0.0021257284
7.85048770822323e-09	0.27965137	0.9599265	-0.002145176
7.900536059673527e-09	0.27860612	0.9602307	-0.0021649622
7.950123592354781e-09	0.27756047	0.9605338	-0.0021849438
8.000216522779138e-09	0.27649394	0.96084183	-0.0022055241
8.0502694123988e-09	0.27541772	0.9611511	-0.0022264845
8.100420844390935e-09	0.27432865	0.96146286	-0.0022478974
8.15050526865003e-09	0.27323005	0.96177596	-0.0022697041
8.200043852058392e-09	0.27213246	0.96208745	-0.0022916982
8.250179880781708e-09	0.27101025	0.96240443	-0.0023143939
8.300225493747046e-09	0.26987848	0.9627228	-0.0023374972
8.35034144546425e-09	0.26873332	0.9630434	-0.0023611006
8.400477169404534e-09	0.26757553	0.96336603	-0.002385186
8.450522920105871e-09	0.26640752	0.9636901	-0.0024097087
8.50012895141991e-09	0.26523736	0.9640131	-0.0024345086
8.550203705197685e-09	0.26404333	0.9643413	-0.0024600464
8.600276205485683e-09	0.26283628	0.96467125	-0.0024861065
8.650425849428463e-09	0.261614	0.9650038	-0.0025127367
8.700506476248494e-09	0.2603797	0.96533793	-0.0025398792
8.750058328865411e-09	0.2591447	0.9656706	-0.0025672836
8.800179840751268e-09	0.25788137	0.96600896	-0.0025955762
8.850233723807424e-09	0.25660524	0.9663491	-0.002624424
8.900354591815745e-09	0.2553125	0.9666918	-0.002653907
8.950481614278044e-09	0.25400442	0.9670367	-0.0026840158
9.000534433347275e-09	0.25268283	0.9673832	-0.0027147154
9.05013456498295e-09	0.25135756	0.9677288	-0.0027457778
9.100221250272724e-09	0.25000325	0.96807986	-0.0027778123
9.150283938048848e-09	0.24863306	0.968433	-0.0028105136
9.200438238164425e-09	0.24724345	0.9687891	-0.0028439832
9.250520151079654e-09	0.24583864	0.9691469	-0.0028781262
9.300060429286788e-09	0.24443169	0.96950305	-0.0029126268
9.350192602510468e-09	0.24298994	0.9698658	-0.0029482974
9.40023411097101e-09	0.24153247	0.9702301	-0.0029846856
9.450348429679922e-09	0.24005409	0.97059727	-0.0030219269
9.50048648192742e-09	0.23855571	0.970967	-0.0030600147
9.550531685873448e-09	0.23704045	0.9713384	-0.003098876
9.600129479296683e-09	0.23551893	0.9717088	-0.003138246
9.650216902706585e-09	0.23396191	0.9720852	-0.0031788975
9.700272784149258e-09	0.23238488	0.9724637	-0.0032204366
9.750420471160146e-09	0.23078337	0.9728454	-0.0032630009
9.800516536822062e-09	0.2291615	0.97322905	-0.0033064862
9.850039094942867e-09	0.22753601	0.9736107	-0.0033504602
9.900185636886752e-09	0.22586708	0.9739996	-0.0033960051
9.95023685612223e-09	0.22417772	0.9743902	-0.003442517
1.0000329719228089e-08	0.22246282	0.97478354	-0.0034901507
1.0050479010663023e-08	0.22072117	0.9751797	-0.00353896
1.0100535285197257e-08	0.21895747	0.97557753	-0.003588823
1.0150110202121594e-08	0.21718517	0.9759739	-0.0036393672
1.0200215163270907e-08	0.21536753	0.9763769	-0.0036916635
1.0250261211649236e-08	0.21352485	0.97678196	-0.0037451505
1.0300402200870676e-08	0.21165077	0.97719	-0.0038000266
1.0350509627901835e-08	0.20974937	0.9776003	-0.003856192
1.0400021505409798e-08	0.20784183	0.9780079	-0.003913029
1.0450172369933998e-08	0.20587978	0.9784231	-0.0039720004
1.050022132779312e-08	0.20389104	0.97883976	-0.0040322975
1.055030987248761e-08	0.20186925	0.97925913	-0.0040941318
1.0600462341266799e-08	0.19981255	0.979681	-0.004157584
1.0650516471617203e-08	0.19772677	0.98010445	-0.004222489
1.0700093618026532e-08	0.19562748	0.980526	-0.004288383
1.0750196779447378e-08	0.19347127	0.980954	-0.0043566474
1.0800243866873768e-08	0.19128183	0.9813835	-0.004426561
1.085038408087251e-08	0.18905166	0.9818158	-0.0044983895
1.0900494319592327e-08	0.18678519	0.98224974	-0.004572018
1.0950003233088424e-08	0.18450806	0.9826803	-0.0046466244
1.100015532038346e-08	0.18216196	0.98311806	-0.004724145
1.105021055974545e-08	0.17977977	0.98355675	-0.0048035313
1.1100295092424564e-08	0.17735453	0.98399717	-0.0048850393
1.115044595109292e-08	0.17488323	0.98443955	-0.004968802
1.1200510412166258e-08	0.17237228	0.98488253	-0.0050546303
1.1250066419531908e-08	0.16984245	0.985322	-0.0051418277
1.130019002273428e-08	0.16723754	0.9857677	-0.005232361
1.135022942857337e-08	0.1645895	0.9862133	-0.005325162
1.140035515191779e-08	0.16188797	0.9866606	-0.00542063
1.1450482232296744e-08	0.15913612	0.98710823	-0.0055186828
1.150052365414968e-08	0.15633741	0.9875553	-0.0056192228
1.1550126385467967e-08	0.15351108	0.9879988	-0.0057215835
1.1600206081599335e-08	0.15060338	0.98844606	-0.005827749
1.1650261868975838e-08	0.14764117	0.9888929	-0.005936779
1.1700410885194591e-08	0.14461583	0.9893398	-0.006049031
1.1750500346507449e-08	0.14153492	0.9897852	-0.006164258
1.1800024837545946e-08	0.13842902	0.9902242	-0.0062813372
1.1850168806661649e-08	0.135222	0.99066705	-0.006403173
1.1900211799938235e-08	0.13195726	0.9911071	-0.0065281703
1.1950312050713838e-08	0.12862273	0.991545	-0.0066568255
1.2000456510312105e-08	0.12521717	0.99198055	-0.006789226
1.20505062575817e-08	0.12174823	0.9924119	-0.006925112
1.2100085345168526e-08	0.11824119	0.9928355	-0.0070635094
1.215018904105749e-08	0.11462349	0.9932593	-0.0072073205
1.2200233118150568e-08	0.11093418	0.9936776	-0.007355048
1.2250372887792686e-08	0.1071596	0.9940912	-0.0075072707
1.2300482056367393e-08	0.103306845	0.9944984	-0.0076637454
1.235052229196856e-08	0.09937678	0.994898	-0.007824464
1.2400138657172049e-08	0.095396236	0.99528694	-0.007988347
1.2450194342038175e-08	0.09129348	0.9956707	-0.008158378
1.2500273013057819e-08	0.087098986	0.9960456	-0.008333341
1.2550424942097802e-08	0.08280571	0.99641067	-0.008513564
1.2600492008752544e-08	0.07842461	0.996764	-0.008698608
1.2650044645247824e-08	0.07399236	0.9971016	-0.008886926
1.2700170516914605e-08	0.06940877	0.99742985	-0.009082799
1.2750207373473357e-08	0.06473015	0.997743	-0.009283851
1.2800326586282643e-08	0.059937675	0.998041	-0.009490898
1.2850460319067314e-08	0.055034548	0.99832153	-0.009703818
1.2900498272657287e-08	0.05002887	0.9985832	-0.0099222455
1.2950098702589223e-08	0.044953633	0.99882257	-0.010144727
1.3000178724693677e-08	0.039711814	0.9990427	-0.010375498
1.3050231160711813e-08	0.034351796	0.99923915	-0.010612416
1.3100381242774213e-08	0.028856758	0.9994106	-0.010856199
1.3150469694567835e-08	0.023240823	0.99955446	-0.011106175
1.3200516429336799e-08	0.017498955	0.9996687	-0.01136251
1.3250135800676058e-08	0.011674059	0.9997508	-0.011623216
1.3300179272059147e-08	0.0056629935	0.9997997	-0.011892818
1.3350272027321802e-08	-0.0004943634	0.9998124	-0.012169444
1.3400421148499073e-08	-0.0068025403	0.9997858	-0.012453181
1.3450470829823816e-08	-0.01324493	0.99971753	-0.012743143
1.350004558081583e-08	-0.019773746	0.99960554	-0.013037026
1.3550151326580886e-08	-0.026524747	0.99944496	-0.013340761
1.3600190517494741e-08	-0.033422515	0.9992336	-0.013650743
1.3650326109839121e-08	-0.040492516	0.9989672	-0.013967887
1.3700442385672374e-08	-0.047721565	0.9986429	-0.014291329
1.3750478359719116e-08	-0.055102967	0.99825746	-0.014620485
1.3800091912535522e-08	-0.062586166	0.99781066	-0.014952786
1.3850153099170375e-08	-0.07030469	0.9972906	-0.0152937975
1.3900225637359891e-08	-0.07819557	0.99669665	-0.015640313
1.3950378764702985e-08	-0.08627188	0.99602336	-0.015992444
1.4000446385061164e-08	-0.094508246	0.9952687	-0.016348597
1.4050511279523934e-08	-0.10291886	0.9944269	-0.01670885
1.4100124435852086e-08	-0.11142664	0.99350214	-0.017069373
1.4150161160284125e-08	-0.120181724	0.99247324	-0.017435903
1.4200280209122043e-08	-0.1291269	0.9913408	-0.017805282
1.425041241787947e-08	-0.13824964	0.9901012	-0.018176239
1.43004541102364e-08	-0.14752938	0.98875237	-0.018547159
1.4350053655146331e-08	-0.15689638	0.9873001	-0.018914517
1.4400133854056648e-08	-0.16652274	0.9857128	-0.019284155
1.4450194282766573e-08	-0.17631146	0.98399943	-0.0196513
1.4500344143264638e-08	-0.18628046	0.98215103	-0.020015595
1.4550431966387651e-08	-0.19639525	0.98016834	-0.020374713
1.4600483434918536e-08	-0.20665526	0.9780464	-0.020727584
1.4650101921891652e-08	-0.21697116	0.9757994	-0.021070166
1.470014429015267e-08	-0.22751424	0.9733845	-0.021407008
1.4750251706268597e-08	-0.23820333	0.97081345	-0.021734137
1.480039605193064e-08	-0.24902442	0.96808356	-0.022049857
1.4850442095100842e-08	-0.2599388	0.96519965	-0.022351857
1.4900032937983613e-08	-0.270857	0.96218234	-0.02263674
1.4950132236017056e-08	-0.2819806	0.958971	-0.022908542
1.5000186586325525e-08	-0.29317665	0.9555975	-0.023162581
1.5050323646201203e-08	-0.30446163	0.9520521	-0.023398068
1.510043778552626e-08	-0.31579897	0.94834214	-0.023613114
1.5150490990263268e-08	-0.3271668	0.94447136	-0.023806319
1.5200103494643247e-08	-0.33846456	0.9404732	-0.023975372
1.525016402282481e-08	-0.3498806	0.93627775	-0.024122227
1.530026011548288e-08	-0.36130673	0.93192023	-0.024244377
1.535041034674355e-08	-0.37273246	0.9274024	-0.024340983
1.5400472670336985e-08	-0.38411063	0.92274153	-0.024411136
1.5450045591355444e-08	-0.3953361	0.9179823	-0.024454236
1.5500157798102422e-08	-0.40662718	0.91303176	-0.024470812
1.5550203707912506e-08	-0.41783237	0.9079542	-0.024460131
1.5600357417587745e-08	-0.42897636	0.90273905	-0.024422139
1.5650453068522927e-08	-0.44000864	0.8974107	-0.024357129
1.5700515517499233e-08	-0.45092183	0.89197505	-0.024265533
1.575012537978705e-08	-0.4616138	0.8864878	-0.024149038
1.580019068708322e-08	-0.47226867	0.8808573	-0.024006207
1.5850280257653066e-08	-0.4827817	0.87513983	-0.023838777
1.5900442399023545e-08	-0.4931523	0.8693393	-0.023647511
1.5950512083751076e-08	-0.5033371	0.8634842	-0.02343418
1.600007987626643e-08	-0.5132474	0.85763323	-0.02320214
1.6050206938622763e-08	-0.5230877	0.8516704	-0.02294768
1.610027024059098e-08	-0.53272617	0.8456787	-0.022675075
1.6150387377749503e-08	-0.54217994	0.8396534	-0.022385137
1.6200510553888205e-08	-0.5514348	0.8336096	-0.022079604
1.625004734042747e-08	-0.56038105	0.82762754	-0.02176384
1.6300187862365194e-08	-0.5692304	0.8215721	-0.021431757
1.635026465094425e-08	-0.5778595	0.815532	-0.021089075
1.6400358658262688e-08	-0.5862813	0.80950546	-0.020736756
1.6450492851165187e-08	-0.5944986	0.80349696	-0.020376064
1.6500042566502447e-08	-0.60241234	0.7975879	-0.020013008
1.655015871961299e-08	-0.61020726	0.79164743	-0.019640509
1.6600293719610092e-08	-0.6177958	0.78574723	-0.019263843
1.6650363624712564e-08	-0.62516725	0.77990264	-0.018884864
1.6700476081506004e-08	-0.63233995	0.77410614	-0.018503917
1.6750048339880123e-08	-0.6392363	0.7684288	-0.018126508
1.6800130348553548e-08	-0.6460055	0.7627545	-0.017745653
1.6850270903418837e-08	-0.6525868	0.7571391	-0.017365705
1.690036731479607e-08	-0.6589704	0.7515975	-0.016988274
1.6950452859998578e-08	-0.6651647	0.74612874	-0.016613893
1.700005832167909e-08	-0.67111856	0.7407854	-0.016246699
1.7050123300566584e-08	-0.6769493	0.7354684	-0.015880346
1.7100236016051632e-08	-0.68261063	0.73022425	-0.0155184595
1.7150380793872313e-08	-0.688105	0.7250563	-0.0151616465
1.7200434425028405e-08	-0.69342387	0.7199782	-0.014811191
1.725002944097444e-08	-0.6985353	0.71502686	-0.014469924
1.7300131200769842e-08	-0.70354354	0.7101065	-0.014131518
1.7350193859337492e-08	-0.70839626	0.7052721	-0.013799985
1.7400342397374235e-08	-0.71310997	0.70051205	-0.01347472
1.7450448800390547e-08	-0.71767724	0.69583833	-0.0131567065
1.7500506797336492e-08	-0.7221024	0.6912512	-0.0128460955
1.7550125787920058e-08	-0.7263573	0.6867848	-0.0125452895
1.760017348832557e-08	-0.7305206	0.68236035	-0.012249062
1.76503052103196e-08	-0.7345662	0.67800903	-0.011959584
1.7700425977336244e-08	-0.7384902	0.67373824	-0.01167742
1.7750492571255505e-08	-0.7422937	0.6695508	-0.011402761
1.780009833509845e-08	-0.74595135	0.66547835	-0.011137676
1.785017669665884e-08	-0.7495359	0.66144335	-0.010877111
1.7900262694394347e-08	-0.7530164	0.6574832	-0.010623498
1.7950418489616033e-08	-0.75640047	0.65359193	-0.0103764385
1.800048259261029e-08	-0.7596808	0.64978075	-0.010136623
1.8050068138643975e-08	-0.7628371	0.6460768	-0.009905658
1.8100178913787707e-08	-0.7659365	0.6424037	-0.009678753
1.8150231114935543e-08	-0.76894474	0.63880384	-0.0094585065
1.8200376122522616e-08	-0.77187407	0.63526523	-0.009244119
1.8250496651323398e-08	-0.7747204	0.631795	-0.009035957
1.8300023921359274e-08	-0.7774557	0.6284298	-0.00883613
1.8350170931368385e-08	-0.7801497	0.6250859	-0.008639592
1.8400270773328593e-08	-0.78276795	0.6218076	-0.008448912
1.845035149872757e-08	-0.7853147	0.61859155	-0.008263821
1.8500498529291298e-08	-0.7877966	0.615431	-0.008083857
1.8550018287457713e-08	-0.7901829	0.6123674	-0.007911274
1.8600145717938758e-08	-0.79253536	0.60932297	-0.0077416166
1.8650265445891388e-08	-0.7948262	0.60633475	-0.007576914
1.8700332639445724e-08	-0.79705554	0.60340416	-0.0074171484
1.875045988930126e-08	-0.7992306	0.6005233	-0.0072618285
1.880002173127568e-08	-0.80132675	0.59772605	-0.0071126795
1.88501281456373e-08	-0.8033932	0.59494853	-0.006966227
1.8900262127250555e-08	-0.80540943	0.59221905	-0.006823921
1.8950340472657176e-08	-0.80737364	0.5895411	-0.006685862
1.9000453125034137e-08	-0.80929124	0.5869084	-0.006551667
1.9050039114729667e-08	-0.8111431	0.5843488	-0.006422666
1.9100112044369774e-08	-0.81296873	0.58180887	-0.00629609
1.9150246382844468e-08	-0.8147532	0.57930964	-0.0061729616
1.920037152740069e-08	-0.8164954	0.5768539	-0.0060533397
1.9250440146992898e-08	-0.81819516	0.5744427	-0.0059372224
1.9300051498420157e-08	-0.8198409	0.5720937	-0.0058253882
1.9350129815196833e-08	-0.8214644	0.5697623	-0.005715635
1.9400209382532972e-08	-0.82305133	0.5674696	-0.0056089363
1.945035931134811e-08	-0.824605	0.56521165	-0.005505054
1.9500436356672378e-08	-0.826122	0.5629941	-0.005404187
1.955000653737609e-08	-0.82759094	0.5608345	-0.005307065
1.9600130401805674e-08	-0.82904434	0.55868596	-0.005211537
1.9650189706052967e-08	-0.83046454	0.5565745	-0.005118723
1.9700327341658752e-08	-0.8318567	0.5544934	-0.005028281
1.975044592014132e-08	-0.8332192	0.552446	-0.004940311
1.980051490416259e-08	-0.8345517	0.55043256	-0.0048547788
1.9850123426730367e-08	-0.835845	0.5484685	-0.0047722855
1.9900198088607256e-08	-0.8371239	0.5465163	-0.004691211
1.9950295201864096e-08	-0.8383775	0.54459304	-0.00461224
2.0000448858495286e-08	-0.83960724	0.5426967	-0.0045352476
2.0050507119370296e-08	-0.8408104	0.5408325	-0.0044604116
2.0100094382737335e-08	-0.8419789	0.5390131	-0.00438819
2.0150195735833063e-08	-0.8431368	0.5372018	-0.00431709
2.0200268022722087e-08	-0.84427154	0.53541815	-0.004247858
2.02504168235522e-08	-0.8453865	0.53365767	-0.00418029
2.0300505750726316e-08	-0.84647906	0.5319246	-0.00411452
2.035006107387731e-08	-0.8475397	0.5302342	-0.004051081
2.0400187148635456e-08	-0.84859294	0.5285484	-0.003988511
2.0450256108202996e-08	-0.84962577	0.52688813	-0.003927578
2.0500377335284108e-08	-0.8506408	0.5252492	-0.0038680886
2.055050377494012e-08	-0.85163766	0.52363265	-0.0038100644
2.060001543008202e-08	-0.85260504	0.52205765	-0.0037541545
2.0650167886208145e-08	-0.8535677	0.5204835	-0.0036988887
2.0700247615885027e-08	-0.85451204	0.51893294	-0.0036450445
2.0750338998221763e-08	-0.85544044	0.51740235	-0.0035924911
2.0800485525557904e-08	-0.85635394	0.5158903	-0.0035411422
2.0850002962553344e-08	-0.8572407	0.5144167	-0.003491637
2.090014179754818e-08	-0.8581238	0.5129436	-0.0034426935
2.0950243464091758e-08	-0.85899144	0.5114905	-0.0033949441
2.100032480021438e-08	-0.8598444	0.5100565	-0.0033483387
2.1050460232828096e-08	-0.8606845	0.50863886	-0.0033027665
2.110056812044089e-08	-0.8615106	0.5072397	-0.003258281
2.1150104287613552e-08	-0.8623141	0.50587356	-0.0032153134
2.120024292090519e-08	-0.8631147	0.5045074	-0.0031728125
2.1250311767762848e-08	-0.86390173	0.5031599	-0.0031313407
2.130042637176401e-08	-0.86467713	0.50182724	-0.003090775
2.1350558942171547e-08	-0.865441	0.5005099	-0.0030511096
2.140006187166182e-08	-0.86618376	0.49922448	-0.0030128192
2.145021433764549e-08	-0.86692506	0.49793714	-0.0029748888
2.1500312016058257e-08	-0.86765444	0.49666613	-0.0029378415
2.1550369385194737e-08	-0.86837256	0.49541074	-0.002901644
2.1600523837905373e-08	-0.8690815	0.4941671	-0.0028661755
2.1650044350311664e-08	-0.86977136	0.4929529	-0.0028319205
2.1700149977936202e-08	-0.8704594	0.49173802	-0.0027980115
2.175029861608326e-08	-0.8711382	0.49053544	-0.0027648068
2.1800350355874427e-08	-0.87180614	0.48934835	-0.0027323836
2.1850454961301093e-08	-0.8724655	0.48817286	-0.002700622
2.1900044654356498e-08	-0.87310904	0.48702183	-0.002669861
2.1950116250024676e-08	-0.8737501	0.48587188	-0.002639452
2.2000254581487165e-08	-0.87438315	0.48473248	-0.0026096483
2.2050363202695152e-08	-0.87500745	0.48360562	-0.0025804925
2.210042024722194e-08	-0.8756229	0.4824915	-0.002551975
2.2150037433705203e-08	-0.8762247	0.4813984	-0.0025242926
2.220009168396416e-08	-0.8768242	0.4803067	-0.002496947
2.225019984135251e-08	-0.87741643	0.47922486	-0.0024701378
2.230034616388623e-08	-0.8780016	0.4781529	-0.0024438587
2.235039925527418e-08	-0.8785782	0.47709346	-0.0024181646
2.240050015275482e-08	-0.8791482	0.4760433	-0.0023929728
2.24500806044127e-08	-0.87970525	0.47501397	-0.0023685505
2.2500145406250352e-08	-0.8802608	0.47398442	-0.0023443853
2.255028780959422e-08	-0.88081056	0.47296304	-0.0023206668
2.2600391746219138e-08	-0.8813532	0.47195202	-0.0022974438
2.2650449184186946e-08	-0.88188887	0.47095123	-0.0022747093
2.27000640789757e-08	-0.8824135	0.46996838	-0.002252621
2.2750123047070694e-08	-0.8829366	0.46898565	-0.0022307697
2.2800225255849423e-08	-0.88345414	0.4680109	-0.002209337
2.285038016097249e-08	-0.88396615	0.4670438	-0.0021883075
2.2900436427812416e-08	-0.8844714	0.46608704	-0.0021677248
2.295002221220777e-08	-0.88496625	0.46514758	-0.0021477365
2.3000121716683775e-08	-0.88546073	0.46420652	-0.0021279235
2.3050181685660842e-08	-0.8859493	0.4632741	-0.0021085197
2.3100326314123283e-08	-0.8864334	0.46234813	-0.0020894539
2.315043395759983e-08	-0.88691175	0.4614305	-0.002070776
2.320048956624167e-08	-0.8873846	0.4605214	-0.0020524673
2.325010909396849e-08	-0.88784826	0.45962763	-0.0020346656
2.3300160786996776e-08	-0.888311	0.45873332	-0.0020170517
2.3350267780298136e-08	-0.8887695	0.4578452	-0.001999755
2.3400410445131172e-08	-0.8892236	0.45696348	-0.0019827713
2.3450469936483354e-08	-0.8896723	0.45609015	-0.0019661372
2.3500058428866387e-08	-0.8901121	0.45523176	-0.0019499693
2.3550160155836328e-08	-0.89055216	0.45437106	-0.001933939
2.3600216593312267e-08	-0.8909876	0.45351774	-0.001918225
2.365036127499034e-08	-0.89141923	0.45266923	-0.0019027807
2.3700472914884868e-08	-0.8918465	0.4518277	-0.001887635
2.3750529368895217e-08	-0.892269	0.45099324	-0.0018727898
2.3800146343905685e-08	-0.892684	0.45017213	-0.0018583471
2.385021662795769e-08	-0.89309883	0.4493494	-0.001844042
2.3900299485325535e-08	-0.89350975	0.4485324	-0.001829993
2.3950449062589306e-08	-0.89391744	0.44772	-0.0018161882
2.4000525939905774e-08	-0.89432085	0.4469145	-0.0018026583
2.4050086020661183e-08	-0.89471644	0.44612274	-0.0017895134
2.4100213840377938e-08	-0.8951128	0.44532728	-0.0017764553
2.415026021828995e-08	-0.89550525	0.4445385	-0.0017636621
2.4200384962804105e-08	-0.8958948	0.44375378	-0.0017510848
2.4250519785241942e-08	-0.8962809	0.44297403	-0.0017387377
2.4300021211075743e-08	-0.8966589	0.4422091	-0.0017267658
2.4350166388989375e-08	-0.89703846	0.44143924	-0.001714857
2.440026318335236e-08	-0.8974145	0.44067496	-0.0017031801
2.445031838599446e-08	-0.8977871	0.43991613	-0.0016917253
2.4500470181846253e-08	-0.89815724	0.43916053	-0.001680457
2.455056603053718e-08	-0.8985239	0.43841046	-0.0016694054
2.4600104783955534e-08	-0.89888364	0.43767318	-0.0016586755
2.465024512292738e-08	-0.8992448	0.43693137	-0.0016480114
2.4700297799019392e-08	-0.8996024	0.43619528	-0.0016375616
2.475040941185862e-08	-0.89995754	0.43546262	-0.0016272888
2.480054731920844e-08	-0.9003102	0.43473378	-0.0016171949
2.485004580002077e-08	-0.9006556	0.43401828	-0.0016074138
2.4900195468082944e-08	-0.901003	0.4332975	-0.0015976846
2.4950284662228516e-08	-0.90134716	0.4325815	-0.0015881404
2.5000344709264024e-08	-0.9016887	0.43186998	-0.0015787774
2.505049228804199e-08	-0.90202826	0.431161	-0.001569574
2.5100021409862954e-08	-0.9023611	0.43046445	-0.0015606454
2.515012859266864e-08	-0.9026955	0.4297635	-0.0015517737
2.5200273921856805e-08	-0.9030277	0.42906576	-0.0015430613
2.5250337054949323e-08	-0.9033569	0.42837256	-0.001534524
2.5300440221530482e-08	-0.90368426	0.42768246	-0.0015261366
2.535002440085594e-08	-0.9040058	0.42700285	-0.0015179887
2.5400087079680463e-08	-0.9043282	0.42632008	-0.0015099114
2.5450226915987433e-08	-0.9046491	0.42563963	-0.0015019663
2.550034019870679e-08	-0.9049675	0.42496282	-0.0014941761
2.5550389688415535e-08	-0.90528333	0.42428994	-0.0014865403
2.5600008492803372e-08	-0.90559465	0.4236261	-0.0014791153
2.5650072818387386e-08	-0.9059065	0.42295927	-0.001471759
2.570016030765513e-08	-0.90621644	0.42229524	-0.001464541
2.5750313727867905e-08	-0.906525	0.42163324	-0.0014574457
2.5800380941950842e-08	-0.90683097	0.42097536	-0.0014504984
2.5850452923665436e-08	-0.9071351	0.42032012	-0.0014436804
2.5900056361289306e-08	-0.9074346	0.41967386	-0.0014370531
2.5950108794869686e-08	-0.9077349	0.41902453	-0.0014304935
2.6000246652147908e-08	-0.90803397	0.41837677	-0.001424049
2.6050366262604836e-08	-0.9083309	0.4177319	-0.0014177298
2.6100412214602207e-08	-0.90862596	0.41709056	-0.0014115412
2.6150025108346182e-08	-0.90891665	0.41645718	-0.0014055297
2.620009227536159e-08	-0.9092085	0.41582054	-0.0013995832
2.62501786843383e-08	-0.9094986	0.41518608	-0.0013937482
2.6300330370178346e-08	-0.90978754	0.41455317	-0.00138802
2.6350404318575405e-08	-0.9100744	0.4139236	-0.0013824163
2.640047714505164e-08	-0.91035974	0.41329628	-0.0013769208
2.645008936522668e-08	-0.9106409	0.41267696	-0.0013715883
2.650013746014047e-08	-0.910923	0.4120544	-0.0013663152
2.6550258703270716e-08	-0.91120416	0.41143307	-0.0013611474
2.6600395943025074e-08	-0.91148376	0.41081363	-0.0013560883
2.6650440032093458e-08	-0.91176146	0.41019735	-0.0013511411
2.670004653213127e-08	-0.9120356	0.4095885	-0.0013463389
2.6750119791203414e-08	-0.9123106	0.40897584	-0.0013415957
2.680019146747499e-08	-0.9125845	0.40836516	-0.0013369506
2.685034395360569e-08	-0.91285735	0.40775537	-0.0013323969
2.69004355554094e-08	-0.9131285	0.40714818	-0.0013279506
2.6950496244122945e-08	-0.9133984	0.40654308	-0.0013236022
2.7000118849276312e-08	-0.91366464	0.405945	-0.0013193924
2.7050171750190306e-08	-0.91393185	0.40534353	-0.0013152411
2.7100276998114806e-08	-0.9141982	0.4047431	-0.0013111813
2.715042555784461e-08	-0.91446364	0.40414366	-0.0013072074
2.720047446873468e-08	-0.91472733	0.40354705	-0.001303334
2.7250061229288393e-08	-0.9149874	0.4029575	-0.0012995857
2.7300166588380683e-08	-0.91524917	0.40236324	-0.0012958904
2.735022574627784e-08	-0.9155094	0.401771	-0.0012922883
2.740036744640799e-08	-0.9157692	0.4011793	-0.0012887709
2.7450477810512014e-08	-0.91602767	0.4005893	-0.0012853441
2.7500533143298188e-08	-0.91628486	0.4000013	-0.0012820066
2.7550149401127172e-08	-0.91653883	0.39941972	-0.0012787854
2.760020068382134e-08	-0.91679394	0.39883432	-0.001275623
2.7650292848656613e-08	-0.9170483	0.3982497	-0.0012725411
2.7700444645508406e-08	-0.91730195	0.39766556	-0.0012695387
2.7750504402892914e-08	-0.9175542	0.3970837	-0.0012666275
2.7800076002659245e-08	-0.9178031	0.3965086	-0.0012638249
2.7850184600781802e-08	-0.9180538	0.39592838	-0.0012610697
2.7900231751608802e-08	-0.9183033	0.39534992	-0.0012584018
2.7950368567397117e-08	-0.9185523	0.39477143	-0.0012558118
2.8000487203222642e-08	-0.91880053	0.3941942	-0.0012532991
2.805053464439018e-08	-0.9190475	0.39361867	-0.0012508709
2.810014992063177e-08	-0.9192914	0.39304903	-0.0012485419
2.8150219097249475e-08	-0.91953677	0.39247507	-0.001246268
2.8200307895156105e-08	-0.91978157	0.39190167	-0.0012440693
2.825045556806156e-08	-0.9200258	0.39132848	-0.0012419537
2.8300520582300597e-08	-0.9202689	0.390757	-0.0012399104
2.835008163665593e-08	-0.92050886	0.39019197	-0.0012379617
2.8400204945133267e-08	-0.9207508	0.38962126	-0.0012360727
2.8450264235341968e-08	-0.9209918	0.3890519	-0.0012342613
2.8500380447624797e-08	-0.92123234	0.38848257	-0.0012325227
2.8550523053292797e-08	-0.9214724	0.38791353	-0.0012308552
2.860001896364528e-08	-0.9217086	0.3873524	-0.0012292819
2.8650159654730024e-08	-0.9219473	0.3867845	-0.0012277614
2.8700266382545577e-08	-0.9221851	0.38621747	-0.0012263154
2.875031591831203e-08	-0.92242223	0.3856516	-0.0012249441
2.8800457705191715e-08	-0.9226591	0.3850851	-0.0012236448
2.8850574859263006e-08	-0.92289525	0.38451934	-0.0012224147
2.8900084102523813e-08	-0.92312795	0.3839608	-0.0012212717
2.895024091878069e-08	-0.9233632	0.38339528	-0.0012201883
2.9000307275632383e-08	-0.9235975	0.3828311	-0.0012191745
2.9050385073947438e-08	-0.92383134	0.38226706	-0.0012182342
2.9100536227671165e-08	-0.924065	0.38170242	-0.001217365
2.9150041580159064e-08	-0.92429525	0.38114524	-0.001216578
2.9200169501694433e-08	-0.92452776	0.38058132	-0.0012158493
2.9250293521727493e-08	-0.92475986	0.38001758	-0.0012151918
2.9300344620175615e-08	-0.92499125	0.37945476	-0.0012146032
2.935047991645391e-08	-0.9252225	0.37889102	-0.0012140851
2.9400022101841043e-08	-0.9254505	0.37833405	-0.0012136411
2.9450103543585616e-08	-0.92568076	0.37777105	-0.0012132612
2.9500253952230913e-08	-0.92591095	0.3772072	-0.001212951
2.9550330144182583e-08	-0.9261402	0.3766442	-0.0012127156
2.960040039458903e-08	-0.9263693	0.37608117	-0.0012125453
2.9650015304855035e-08	-0.92659587	0.37552324	-0.0012124467
2.970006227576005e-08	-0.926824	0.37496024	-0.0012124198
2.9750184594973552e-08	-0.9270523	0.37439623	-0.0012124579
2.9800317010058222e-08	-0.92728025	0.37383187	-0.0012125697
2.985036909972955e-08	-0.9275074	0.3732682	-0.0012127481
2.990047965087926e-08	-0.92773473	0.37270355	-0.0012129964
2.995005986914702e-08	-0.92795926	0.37214464	-0.0012133108
3.0000125247275394e-08	-0.9281858	0.37157995	-0.0012136946
3.005026634971866e-08	-0.92841244	0.37101403	-0.0012141527
3.0100370224990285e-08	-0.92863864	0.3704481	-0.0012146792
3.015042768915934e-08	-0.9288643	0.3698823	-0.0012152751
3.020004059129906e-08	-0.9290878	0.36932102	-0.0012159359
3.0250106874722187e-08	-0.9293132	0.36875418	-0.0012166724
3.030019834387902e-08	-0.9295384	0.36818653	-0.0012174789
3.0350344498942846e-08	-0.9297638	0.3676177	-0.0012183549
3.040041790302984e-08	-0.9299887	0.36704904	-0.0012193093
3.045049870751772e-08	-0.93021333	0.36647972	-0.001220331
3.050010485181641e-08	-0.93043584	0.36591515	-0.0012214088
3.055016121850698e-08	-0.93066025	0.3653447	-0.0012225696
3.060028361357349e-08	-0.9308847	0.36477286	-0.0012238042
3.0650417818720895e-08	-0.93110925	0.3642001	-0.0012251108
3.0700465079443766e-08	-0.9313332	0.36362752	-0.0012264876
3.0750064951262053e-08	-0.9315551	0.36305922	-0.0012279258
3.080015500695892e-08	-0.9317791	0.36248448	-0.0012294485
3.0850217930011645e-08	-0.9320029	0.36190915	-0.0012310438
3.0900364861088614e-08	-0.93222713	0.3613319	-0.0012327159
3.0950461661501e-08	-0.93245107	0.36075428	-0.0012344561
3.100051475799742e-08	-0.9326747	0.36017615	-0.0012362716
3.10501329546258e-08	-0.9328965	0.35960203	-0.0012381483
3.110018357203216e-08	-0.93312013	0.35902187	-0.0012401139
3.115029556264034e-08	-0.93334407	0.35843983	-0.0012421558
3.120042825715901e-08	-0.9335681	0.35785645	-0.001244278
3.125048475105774e-08	-0.93379194	0.35727274	-0.001246471
3.130009160428886e-08	-0.9340137	0.3566931	-0.0012487227
3.135017193362128e-08	-0.93423766	0.35610667	-0.001251071
3.140023851005393e-08	-0.9344616	0.35551912	-0.0012534957
3.1450392279222114e-08	-0.93468606	0.35492915	-0.001256007
3.150047706322492e-08	-0.9349104	0.35433868	-0.0012585942
3.155002804258577e-08	-0.9351323	0.3537531	-0.0012612332
3.160015180947254e-08	-0.935357	0.35315934	-0.0012639767
3.1650212156140555e-08	-0.9355815	0.35256478	-0.0012667988
3.1700327317594594e-08	-0.9358063	0.3519681	-0.0012697099
3.1750468855086755e-08	-0.9360315	0.35136956	-0.0012727027
3.1800519101964725e-08	-0.9362564	0.3507705	-0.0012757751
3.185010473469019e-08	-0.9364794	0.35017535	-0.0012788981
3.190021317757776e-08	-0.9367048	0.34957227	-0.0012821408
3.195026006990425e-08	-0.9369303	0.3489682	-0.0012854645
3.2000398683055213e-08	-0.9371565	0.34836125	-0.0012888781
3.2050514702143645e-08	-0.9373827	0.3477528	-0.0012923824
3.2100028104311147e-08	-0.9376062	0.34714982	-0.0012959327
3.215017741629169e-08	-0.9378332	0.3465372	-0.0012996156
3.2200251787636536e-08	-0.9380598	0.34592357	-0.0013033814
3.225032998698077e-08	-0.93828696	0.3453079	-0.0013072344
3.2300478586626893e-08	-0.93851453	0.34468934	-0.001311182
3.235055026806601e-08	-0.9387423	0.3440697	-0.001315219
3.240011484346942e-08	-0.9389678	0.3434542	-0.0013193025
3.2450234382165865e-08	-0.9391962	0.34282973	-0.001323528
3.2500279177600494e-08	-0.9394247	0.34220394	-0.0013278438
3.255040876782745e-08	-0.93965375	0.34157485	-0.001332267
3.260053116238336e-08	-0.93988323	0.34094357	-0.0013367843
3.2650036172996874e-08	-0.9401102	0.34031773	-0.0013413425
3.270019444345421e-08	-0.94034064	0.3396812	-0.0013460586
3.275026103091887e-08	-0.940571	0.33904347	-0.0013508701
3.2800334074694836e-08	-0.9408019	0.33840314	-0.0013557866
3.285048563318176e-08	-0.94103354	0.33775926	-0.001360813
3.2900566894173625e-08	-0.9412653	0.33711368	-0.0013659333
3.295011520459581e-08	-0.94149494	0.33647236	-0.0013711074
3.300024902941005e-08	-0.9417278	0.33582076	-0.0013764456
3.305029436257354e-08	-0.9419607	0.3351676	-0.0013818833
3.310040989238172e-08	-0.94219434	0.33451068	-0.0013874378
3.3150551204158594e-08	-0.94242877	0.33385056	-0.0013931079
3.32000504944209e-08	-0.9426606	0.33319607	-0.0013988198
3.325019921030588e-08	-0.94289607	0.33253002	-0.0014047155
3.330029018504304e-08	-0.94313174	0.33186164	-0.0014107231
3.335035215560004e-08	-0.9433678	0.3311906	-0.0014168469
3.340049792664071e-08	-0.9436048	0.33051524	-0.0014231044
3.34500284812543e-08	-0.94383955	0.32984504	-0.0014293967
3.350012296155452e-08	-0.9440777	0.32916403	-0.0014358878
3.3550273836640776e-08	-0.9443165	0.3284788	-0.0014425116
3.360032568695845e-08	-0.94455546	0.32779163	-0.0014492453
3.365042020274552e-08	-0.9447953	0.32710043	-0.001456115
3.370000885595777e-08	-0.9450334	0.32641274	-0.0014630376
3.375006436049256e-08	-0.9452745	0.325715	-0.0014701614
3.380021364190897e-08	-0.94551647	0.3250123	-0.0014774309
3.385031131680291e-08	-0.945759	0.32430658	-0.0014848333
3.390037453733495e-08	-0.9460021	0.32359758	-0.0014923655
3.395051736134954e-08	-0.9462463	0.32288355	-0.0015000516
3.40000457945668e-08	-0.9464882	0.32217455	-0.001507785
3.4050147495450066e-08	-0.94673365	0.32145327	-0.0015157487
3.410029093364191e-08	-0.9469801	0.32072735	-0.0015238716
3.4150355913128307e-08	-0.9472269	0.3199984	-0.0015321275
3.420043851502804e-08	-0.9474746	0.31926498	-0.0015405416
3.425003600382166e-08	-0.9477207	0.31853443	-0.0015490247
3.430007978374106e-08	-0.94797003	0.31779298	-0.0015577369
3.435021526721651e-08	-0.94822043	0.31704572	-0.001566631
3.440033699183046e-08	-0.94847167	0.31629413	-0.0015756808
3.445038202902745e-08	-0.94872344	0.3155391	-0.0015848831
3.450051173623359e-08	-0.94897634	0.31477803	-0.0015942737
3.455006826667019e-08	-0.9492275	0.31402105	-0.00160372
3.4600144866803614e-08	-0.9494821	0.3132512	-0.001613443
3.465029719683242e-08	-0.9497379	0.3124752	-0.0016233539
3.4700380414972997e-08	-0.94999444	0.3116953	-0.0016334321
3.475045095303893e-08	-0.95025194	0.31091046	-0.0016436882
3.480006273370359e-08	-0.95050794	0.31012768	-0.0016540398
3.485010789013137e-08	-0.9507672	0.3093327	-0.0016646668
3.490023329161078e-08	-0.95102787	0.30853105	-0.001675502
3.4950366171652493e-08	-0.9512898	0.30772376	-0.0016865382
3.500040931947599e-08	-0.9515522	0.30691227	-0.0016977561
3.505001855596033e-08	-0.95181334	0.30610228	-0.0017090787
3.510008486441846e-08	-0.95207804	0.30527893	-0.0017207123
3.515015932451388e-08	-0.9523438	0.30444956	-0.0017325614
3.520031280732086e-08	-0.95261115	0.30361286	-0.0017446441
3.5250389857600434e-08	-0.9528793	0.30277127	-0.0017569255
3.5300460227742324e-08	-0.9531485	0.30192357	-0.001769434
3.535007323608015e-08	-0.95341647	0.30107728	-0.0017820529
3.5400121034409147e-08	-0.95368797	0.3002171	-0.001795015
3.545024172769673e-08	-0.9539612	0.29934907	-0.0018082352
3.550037239123112e-08	-0.95423543	0.29847413	-0.0018216992
3.555042150331609e-08	-0.9545107	0.29759377	-0.0018353879
3.5600016281721755e-08	-0.9547846	0.29671457	-0.0018492009
3.565010507153314e-08	-0.9550627	0.2958195	-0.0018634092
3.57001736794283e-08	-0.95534194	0.29491752	-0.0018778756
3.5750324514985685e-08	-0.95562285	0.29400674	-0.0018926371
3.580040389255025e-08	-0.95590484	0.2930897	-0.0019076492
3.5850476089989164e-08	-0.9561881	0.29216513	-0.001922934
3.5900085200106976e-08	-0.9564702	0.29124147	-0.00193836
3.595014054825999e-08	-0.95675623	0.2903016	-0.001954214
3.6000255006654407e-08	-0.95704395	0.2893525	-0.001970385
3.605039173251801e-08	-0.95733327	0.28839472	-0.0019868668
3.6100444312137406e-08	-0.95762366	0.28743014	-0.0020036364
3.61500390373989e-08	-0.9579129	0.28646594	-0.0020205597
3.6200130659694156e-08	-0.9582065	0.28548342	-0.0020379764
3.625018405380095e-08	-0.95850134	0.28449273	-0.0020557106
3.630033479699361e-08	-0.9587984	0.28349108	-0.0020738214
3.63504193454081e-08	-0.9590966	0.28248146	-0.0020922488
3.640047537444152e-08	-0.95939636	0.28146306	-0.0021110154
3.6450091520210014e-08	-0.95969504	0.28044412	-0.0021299773
3.6500142684300086e-08	-0.95999795	0.27940655	-0.0021494727
3.655024838301791e-08	-0.9603028	0.27835786	-0.0021693658
3.660038839084216e-08	-0.9606096	0.2772983	-0.002189659
3.665043200656226e-08	-0.96091765	0.2762304	-0.0022103062
3.670002103161094e-08	-0.96122456	0.2751618	-0.0022311676
3.675012002888074e-08	-0.9615362	0.27407146	-0.002252655
3.6800173033559006e-08	-0.9618496	0.27297112	-0.0022745437
3.6850314603059576e-08	-0.96216524	0.2718576	-0.0022969076
3.690042383794849e-08	-0.96248245	0.2707334	-0.002319698
3.695047488074106e-08	-0.9628013	0.26959878	-0.0023429114
3.7000091552296206e-08	-0.96311915	0.2684623	-0.0023663857
3.7050147066131986e-08	-0.96344167	0.26730365	-0.002390537
3.710023335044535e-08	-0.9637663	0.26613194	-0.0024151907
3.7150389799746744e-08	-0.9640934	0.26494592	-0.0024403806
3.7200442906598856e-08	-0.96442175	0.2637494	-0.0024660314
3.725002405909709e-08	-0.964749	0.26255122	-0.0024919552
3.730012308314712e-08	-0.9650816	0.26132715	-0.0025186795
3.735017551064313e-08	-0.96541595	0.26009047	-0.0025459304
3.740031552488874e-08	-0.96575296	0.25883764	-0.002573795
3.7450431973191056e-08	-0.96609193	0.25757104	-0.0026022221
3.7500473833230526e-08	-0.9664324	0.25629178	-0.002631198
3.7550092273092255e-08	-0.9667721	0.2550086	-0.0026605283
3.760014729122091e-08	-0.96711695	0.253699	-0.0026907371
3.765023377064502e-08	-0.96746415	0.25237304	-0.0027216047
3.770038290975887e-08	-0.9678141	0.25102943	-0.0027531665
3.775045066465007e-08	-0.9681655	0.24967185	-0.002785347
3.7800011759129696e-08	-0.9685156	0.24831161	-0.0028178787
3.785013327359404e-08	-0.9688719	0.24691911	-0.0028514876
3.7900176061306536e-08	-0.9692299	0.2455115	-0.0028857668
3.7950297611781826e-08	-0.9695908	0.24408397	-0.002920847
3.8000431372840323e-08	-0.9699539	0.24263802	-0.0029567003
3.805047024684011e-08	-0.9703188	0.24117628	-0.0029932726
3.810007741692534e-08	-0.97068274	0.23970851	-0.003030323
3.815015259280024e-08	-0.9710525	0.23820767	-0.0030685514
3.8200216243819255e-08	-0.97142446	0.23668742	-0.0031076223
3.825036761395382e-08	-0.9717997	0.23514429	-0.003147637
3.8300451810581024e-08	-0.97217655	0.2335825	-0.0031884997
3.835051320918003e-08	-0.97255564	0.2320003	-0.0032302656
3.84001286864111e-08	-0.97293377	0.23041086	-0.003272593
3.845017113995247e-08	-0.9733175	0.22878571	-0.0033162565
3.850028280644135e-08	-0.9737042	0.2271357	-0.0033609823
3.855042258601184e-08	-0.9740936	0.22546153	-0.0034067698
3.860047434491356e-08	-0.9744848	0.22376657	-0.0034535355
3.865006291992487e-08	-0.9748747	0.22206335	-0.0035009463
3.870015849816686e-08	-0.97527087	0.22031803	-0.0035499602
3.8750207266546865e-08	-0.9756692	0.21854882	-0.0036000828
3.880035298822271e-08	-0.9760707	0.21675014	-0.00365149
3.885045311912307e-08	-0.97647417	0.21492633	-0.003704076
3.8900503519181846e-08	-0.9768798	0.21307702	-0.0037578673
3.895011999056534e-08	-0.97728413	0.21121614	-0.0038124695
3.9000166216364665e-08	-0.9776944	0.20931058	-0.003868868
3.9050266177541065e-08	-0.97810733	0.20737357	-0.0039266986
3.9100412707729034e-08	-0.9785231	0.20540456	-0.003986
3.9150458703689406e-08	-0.9789402	0.20340867	-0.004046642
3.920004661521477e-08	-0.9793558	0.2013998	-0.004108207
3.9250140884187355e-08	-0.9797778	0.19933815	-0.004171936
3.930019041568492e-08	-0.98020154	0.19724508	-0.0042371997
3.935032908394214e-08	-0.9806282	0.1951141	-0.004304223
3.940044045514312e-08	-0.9810568	0.19294925	-0.004372906
3.945048381362094e-08	-0.9814867	0.19075146	-0.004443238
3.9500098030619686e-08	-0.9819149	0.1885362	-0.0045147287
3.95501583698719e-08	-0.9823488	0.18626347	-0.0045887083
3.96002391637481e-08	-0.98278475	0.18395106	-0.004664622
3.965039057255009e-08	-0.98322296	0.18159549	-0.0047426173
3.97004548403277e-08	-0.98366195	0.1792032	-0.0048225014
3.975001576684683e-08	-0.98409814	0.1767937	-0.0049036434
3.980013672393478e-08	-0.9845406	0.17431411	-0.0049878485
3.9850173998149655e-08	-0.98498356	0.17179453	-0.0050741388
3.990029944976655e-08	-0.98542833	0.1692251	-0.0051628742
3.995042890342595e-08	-0.9858742	0.16660881	-0.0052539883
4.000047166069729e-08	-0.98632014	0.16394919	-0.0053473837
4.005007608939003e-08	-0.98676264	0.16126445	-0.005442445
4.010015263246967e-08	-0.9872099	0.15850392	-0.005540994
4.015021378834669e-08	-0.9876572	0.15569237	-0.005642188
4.020036424538701e-08	-0.9881054	0.1528224	-0.00574633
4.025044885544397e-08	-0.98855287	0.14990136	-0.0058531887
4.0300500363319e-08	-0.98899937	0.14692602	-0.005962915
4.0350118246212114e-08	-0.9894413	0.14391938	-0.0060746814
4.040016382527812e-08	-0.9898859	0.14082767	-0.0061905226
4.0450266503067744e-08	-0.99032974	0.13767126	-0.0063097253
4.0500411656843e-08	-0.9907721	0.13444917	-0.006432368
4.055045707490622e-08	-0.9912117	0.13116884	-0.0065581985
4.060004098752941e-08	-0.9916445	0.1278533	-0.0066863536
4.065013939311325e-08	-0.99207896	0.124435306	-0.0068194703
4.0700183460382315e-08	-0.9925095	0.1209508	-0.0069562
4.075032632022552e-08	-0.9929368	0.11738701	-0.007097083
4.080043144580793e-08	-0.9933594	0.11375145	-0.0072418614
4.085047394026261e-08	-0.9937765	0.11004402	-0.007390571
4.090009109415459e-08	-0.9941844	0.10629058	-0.0075421967
4.0950143848784885e-08	-0.9945896	0.10242374	-0.007699497
4.1000225370902994e-08	-0.99498796	0.0984715	-0.007861377
4.105037843448352e-08	-0.9953791	0.09442788	-0.00802812
4.1100437829771105e-08	-0.9957608	0.0903038	-0.00819931
4.115000024423661e-08	-0.9961295	0.08613161	-0.008373613
4.12001184040099e-08	-0.9964919	0.08181995	-0.0085548675
4.1250155576364405e-08	-0.99684227	0.07741971	-0.008740984
4.130028253498659e-08	-0.99718076	0.07291311	-0.00893273
4.1350408162840444e-08	-0.9975058	0.06830534	-0.009129907
4.140044591181847e-08	-0.99781525	0.063601814	-0.009332298
4.145005283319154e-08	-0.9981063	0.05883355	-0.009538561
4.150012528615088e-08	-0.99838257	0.053911377	-0.009752555
4.155018566418091e-08	-0.99863976	0.04887777	-0.009972447
4.160033691183351e-08	-0.9988769	0.043719076	-0.010198826
4.1650418487381375e-08	-0.9990915	0.038448654	-0.01043109
4.170047045013862e-08	-0.99928224	0.03305951	-0.010669527
4.17500895001107e-08	-0.99944574	0.027593657	-0.01091222
4.1800128247324507e-08	-0.99958295	0.021954056	-0.011163438
4.185023122313666e-08	-0.99969035	0.01617571	-0.011421571
4.1900375301260895e-08	-0.9997656	0.010257643	-0.011686598
4.195041882955956e-08	-0.9998062	0.0042135823	-0.011957811
4.200000448096368e-08	-0.99980986	-0.0019141715	-0.012233205
4.2050100025397484e-08	-0.9997741	-0.0082486095	-0.012518195
4.2100142467125004e-08	-0.9996958	-0.014723664	-0.012809669
4.2150284679738456e-08	-0.9995719	-0.021362433	-0.013108495
4.2200390275845225e-08	-0.9993995	-0.02815019	-0.01341383
4.225042881397501e-08	-0.9991754	-0.035085287	-0.0137253925
4.2300046814642675e-08	-0.99889886	-0.042119253	-0.014040765
4.235010039933765e-08	-0.99856126	-0.049376212	-0.01436525
4.240017916855345e-08	-0.998161	-0.05680144	-0.014696082
4.245033003142625e-08	-0.99769354	-0.06440474	-0.015033359
4.2500392300998176e-08	-0.9971563	-0.07216384	-0.015375716
4.255046336870769e-08	-0.9965442	-0.080095336	-0.01572347
4.260007245412429e-08	-0.99585974	-0.08812392	-0.016072903
4.265010747025569e-08	-0.9950862	-0.09639445	-0.016429815
4.27002332096824e-08	-0.99422294	-0.10485514	-0.01679139
4.2750361434310044e-08	-0.99326646	-0.113492206	-0.017156417
4.280040299622497e-08	-0.99221385	-0.12228994	-0.017523598
4.2850004881982305e-08	-0.99106884	-0.1311833	-0.0178896
4.2900084948890447e-08	-0.9898057	-0.14033611	-0.018260412
4.295014245567941e-08	-0.9884303	-0.14965796	-0.018631484
4.300029293719712e-08	-0.9869342	-0.15916876	-0.019002732
4.305037903882072e-08	-0.98531693	-0.1688362	-0.019371971
4.310043016390496e-08	-0.98357296	-0.17866221	-0.019738335
4.3150047842769226e-08	-0.9817132	-0.18856232	-0.020097805
4.320009307510797e-08	-0.9797007	-0.19870372	-0.02045539
4.3250199040750915e-08	-0.9775437	-0.20900889	-0.02080711
4.3300339756034116e-08	-0.9752386	-0.21946664	-0.021151412
4.335038572294098e-08	-0.9727875	-0.23004279	-0.021486007
4.3400486072530956e-08	-0.97017986	-0.24076076	-0.021810465
4.3450068535861025e-08	-0.9674441	-0.2514879	-0.022119775
4.350012211650829e-08	-0.9645232	-0.2624287	-0.022418652
4.3550276630789934e-08	-0.9614337	-0.27349392	-0.022703165
4.3600359743618766e-08	-0.9581841	-0.28463477	-0.02297084
4.365042132072066e-08	-0.9547707	-0.29585037	-0.023220535
4.3700038581524335e-08	-0.95122373	-0.30703288	-0.023449024
4.375009156784119e-08	-0.9474808	-0.31836778	-0.02365901
4.380020535120843e-08	-0.94356793	-0.32975754	-0.023847362
4.385034442793766e-08	-0.93948925	-0.34118038	-0.02401273
4.3900406363377465e-08	-0.93525565	-0.35259867	-0.024153756
4.39504952238317e-08	-0.9308615	-0.3640215	-0.024269843
4.4000100664115854e-08	-0.92635745	-0.3753182	-0.024359386
4.405014505889375e-08	-0.9216646	-0.38668412	-0.02442346
4.410028527863662e-08	-0.91681784	-0.39802617	-0.024460748
4.41504040695197e-08	-0.91183424	-0.40930313	-0.024470815
4.420045679480913e-08	-0.9067253	-0.4204909	-0.024453606
4.4250063544195256e-08	-0.90153867	-0.4314918	-0.024409745
4.43001495366748e-08	-0.8961855	-0.44249764	-0.02433863
4.435021638435398e-08	-0.8907255	-0.45338458	-0.024241006
4.440036477559094e-08	-0.88515604	-0.46416202	-0.024117224
4.445046693336206e-08	-0.87950057	-0.47479057	-0.023968328
4.4500524081003187e-08	-0.8737682	-0.4852601	-0.023795268
4.455014108016718e-08	-0.86801493	-0.49548036	-0.02360078
4.460019205198576e-08	-0.86214864	-0.50562227	-0.023382585
4.465030915017062e-08	-0.8562214	-0.51560044	-0.023143196
4.470044455768733e-08	-0.85024804	-0.5253978	-0.022884142
4.4750500637894e-08	-0.8442501	-0.5349889	-0.022607362
4.4800092175066835e-08	-0.83828324	-0.5442978	-0.02231672
4.485019383603113e-08	-0.8322393	-0.5535027	-0.022007972
4.490026094016446e-08	-0.8261925	-0.56249666	-0.021685766
4.4950393705173496e-08	-0.8201391	-0.571295	-0.021350952
4.500052067818998e-08	-0.8140963	-0.57988274	-0.021005508
4.5050028219032727e-08	-0.8081449	-0.5881573	-0.0206553
4.5100180749889556e-08	-0.80214083	-0.59632933	-0.02029283
4.5150250786478937e-08	-0.7961777	-0.60427713	-0.0199246
4.5200340494937726e-08	-0.7902501	-0.6120181	-0.019551221
4.52504839238432e-08	-0.78436005	-0.6195584	-0.019173708
4.530000895692637e-08	-0.77859086	-0.6268024	-0.018798366
4.5350135008679824e-08	-0.7728056	-0.6339308	-0.018417086
4.540027379808179e-08	-0.76707757	-0.6408593	-0.018035378
4.545033146707435e-08	-0.76142144	-0.6475784	-0.017654944
4.550044493190394e-08	-0.75582534	-0.65411025	-0.017275635
4.555002312290661e-08	-0.7503574	-0.6603841	-0.016902726
4.560009332193664e-08	-0.744907	-0.6665344	-0.016529229
4.565025048261596e-08	-0.739522	-0.6725125	-0.01615889
4.5700355852093065e-08	-0.7342192	-0.6783058	-0.015793342
4.5750414509847126e-08	-0.7289997	-0.6839201	-0.015433067
4.580003067400337e-08	-0.72390485	-0.68931806	-0.015081297
4.58500905218625e-08	-0.7188447	-0.6946005	-0.014732143
4.590020862445815e-08	-0.7138602	-0.69972914	-0.014388737
4.59503454330394e-08	-0.7089561	-0.7047043	-0.014051653
4.600041502590427e-08	-0.70414084	-0.7095222	-0.013721687
4.605000846097519e-08	-0.6994526	-0.7141506	-0.013401618
4.6100112162770694e-08	-0.69479805	-0.71868587	-0.013085234
4.615018892145734e-08	-0.69022787	-0.72308195	-0.012776136
4.620032216204884e-08	-0.6857343	-0.7273504	-0.012473891
4.625045055211708e-08	-0.68132204	-0.73149043	-0.01217892
4.6300506255631096e-08	-0.6769964	-0.7355007	-0.011891618
4.6350114280974505e-08	-0.6727878	-0.73935735	-0.011614007
4.640020212610046e-08	-0.6686164	-0.7431365	-0.011340873
4.6450293483158446e-08	-0.6645222	-0.74680436	-0.011074858
4.6500434921325875e-08	-0.6605003	-0.7503682	-0.010815648
4.655053191720637e-08	-0.65655726	-0.7538249	-0.010563647
4.660008408541103e-08	-0.65272987	-0.7571454	-0.010321143
4.665022193954841e-08	-0.6489297	-0.76040876	-0.010082506
4.6700290335051374e-08	-0.6452063	-0.7635744	-0.009850832
4.6750396775225146e-08	-0.6415502	-0.7666524	-0.009625493
4.680053376519421e-08	-0.63796073	-0.76964533	-0.009406392
4.685005890296471e-08	-0.63448143	-0.7725193	-0.009196092
4.6900170819391983e-08	-0.6310266	-0.775347	-0.008989345
4.6950313887294214e-08	-0.62763476	-0.77809834	-0.008788411
4.700037609494472e-08	-0.6243116	-0.7807701	-0.008593579
4.7050479358638685e-08	-0.62104785	-0.78337157	-0.0084042195
4.7100068942180966e-08	-0.61787736	-0.7858773	-0.008222206
4.715013628016794e-08	-0.6147353	-0.7883402	-0.008043733
4.7200276450121376e-08	-0.61164683	-0.7907414	-0.007870188
4.7250385632092034e-08	-0.608617	-0.79307824	-0.0077017844
4.7300453961808825e-08	-0.60564506	-0.79535246	-0.0075384006
4.7350060688070376e-08	-0.6027538	-0.797548	-0.0073811943
4.740013679843204e-08	-0.59988785	-0.79970807	-0.007227073
4.74502420627452e-08	-0.5970719	-0.80181485	-0.0070773223
4.750038620621083e-08	-0.5943044	-0.8038704	-0.006931782
4.755045647605423e-08	-0.5915901	-0.80587196	-0.0067906454
4.76000434936338e-08	-0.5889493	-0.8078057	-0.0066548684
4.765014893008462e-08	-0.5863278	-0.8097124	-0.0065215887
4.770022262809972e-08	-0.5837537	-0.8115721	-0.0063921986
4.7750356151959354e-08	-0.5812212	-0.8133894	-0.0062663457
4.780047522484479e-08	-0.5787332	-0.81516314	-0.0061441003
4.785000140512684e-08	-0.5763165	-0.8168751	-0.006026699
4.7900146143622416e-08	-0.573911	-0.8185686	-0.00591116
4.7950225073094164e-08	-0.5715492	-0.82022095	-0.005799014
4.800033003506381e-08	-0.56922585	-0.8218366	-0.0056899465
4.805046984058128e-08	-0.56693953	-0.8234169	-0.00558384
4.8100527670339466e-08	-0.56469476	-0.8249594	-0.00548084
4.815013312559355e-08	-0.5625063	-0.8264545	-0.0053815683
4.8200231542931e-08	-0.56033206	-0.8279316	-0.005284046
4.8250295862541594e-08	-0.55819434	-0.8293756	-0.005189257
4.8300453577157356e-08	-0.5560869	-0.8307915	-0.0050968695
4.8350547624586424e-08	-0.5540155	-0.8321754	-0.0050070924
4.8400082976089616e-08	-0.5519994	-0.8335153	-0.0049206973
4.845022911216127e-08	-0.54999006	-0.83484364	-0.0048355656
4.850028699751972e-08	-0.54801536	-0.8361424	-0.004752846
4.855041546926946e-08	-0.5460683	-0.83741647	-0.0046721986
4.8600536538302326e-08	-0.5441512	-0.83866465	-0.004593688
4.8650060676105287e-08	-0.54228526	-0.8398733	-0.0045181387
4.87002071451167e-08	-0.54042417	-0.8410732	-0.0044436194
4.875029275188607e-08	-0.5385928	-0.84224814	-0.004371118
4.880038446752059e-08	-0.5367883	-0.84340036	-0.004300479
4.885053179644503e-08	-0.53500813	-0.84453166	-0.004231573
4.890005304137171e-08	-0.5332755	-0.8456278	-0.00416525
4.895018349369895e-08	-0.53154665	-0.8467165	-0.004099803
4.900029607865822e-08	-0.529843	-0.84778464	-0.0040360317
4.9050363570705964e-08	-0.52816474	-0.848832	-0.0039739152
4.910049300808572e-08	-0.526508	-0.8498615	-0.003913271
4.915004831985027e-08	-0.5248928	-0.85086095	-0.0038548
4.920014835783285e-08	-0.5232821	-0.8518534	-0.0037971311
4.925028811809205e-08	-0.5216921	-0.85282886	-0.0037408355
4.9300362391887166e-08	-0.52012557	-0.853786	-0.0036859862
4.935045837261634e-08	-0.5185793	-0.8547269	-0.0036324388
4.9400049805350097e-08	-0.51706886	-0.8556422	-0.0035807025
4.945011147166003e-08	-0.51556396	-0.8565506	-0.003529723
4.9500267213205964e-08	-0.51407576	-0.8574454	-0.0034798644
4.955035931954289e-08	-0.51260865	-0.85832405	-0.0034312527
4.960043099330527e-08	-0.51116085	-0.8591878	-0.003383804
4.965004328664838e-08	-0.50974435	-0.8600296	-0.0033378887
4.9700108775128085e-08	-0.50833285	-0.8608654	-0.0032926216
4.975021537633707e-08	-0.5069376	-0.86168844	-0.0032483686
4.9800356096485546e-08	-0.5055587	-0.8624989	-0.003205103
4.98504368230625e-08	-0.50419825	-0.86329556	-0.0031628876
4.990000575885587e-08	-0.5028678	-0.86407185	-0.0031220547
4.995012784390197e-08	-0.50153863	-0.8648447	-0.0030816959
5.000018874983857e-08	-0.5002268	-0.86560476	-0.0030422977
5.005032572686981e-08	-0.4989284	-0.86635447	-0.003003722
5.010044432225577e-08	-0.49764553	-0.8670926	-0.0029660196
5.015050458200395e-08	-0.496379	-0.86781895	-0.0029292018
5.02001170829947e-08	-0.49513802	-0.8685282	-0.002893518
5.025018097126575e-08	-0.49389988	-0.8692335	-0.0028582974
5.030027832451137e-08	-0.49267474	-0.869929	-0.0028238215
5.035043295570307e-08	-0.49146184	-0.8706155	-0.0027900587
5.0400498904665256e-08	-0.49026442	-0.87129086	-0.0027570839
5.045007211729538e-08	-0.4890917	-0.8719503	-0.0027251306
5.050018945192157e-08	-0.48791876	-0.8726077	-0.0026935164
5.0550241271462956e-08	-0.48675984	-0.87325525	-0.002662619
5.0600373425323836e-08	-0.48561138	-0.87389505	-0.0026323332
5.06504968855747e-08	-0.4844752	-0.8745259	-0.0026026932
5.0700008000070476e-08	-0.4833644	-0.87514085	-0.0025740261
5.0750157123338e-08	-0.482251	-0.8757555	-0.0025455914
5.080024067653632e-08	-0.48115015	-0.87636125	-0.002517791
5.08503087064372e-08	-0.48006082	-0.87695897	-0.002490576
5.0900456348588745e-08	-0.47898063	-0.87754995	-0.002463877
5.095055134921579e-08	-0.47791228	-0.8781327	-0.002437758
5.1000090952125664e-08	-0.47686607	-0.8787018	-0.0024124507
5.1050232379605755e-08	-0.47581735	-0.87927055	-0.0023873558
5.110029324755269e-08	-0.47478038	-0.8798315	-0.002362812
5.115039749576449e-08	-0.4737524	-0.8803859	-0.0023387466
5.120054296144808e-08	-0.47273326	-0.88093394	-0.0023151455
5.125004246550798e-08	-0.47173652	-0.8814686	-0.0022923134
5.130018540497595e-08	-0.47073612	-0.8820038	-0.0022696406
5.135028752870383e-08	-0.46974573	-0.882532	-0.0022474404
5.140034652125126e-08	-0.46876508	-0.8830539	-0.0022257024
5.145049772818941e-08	-0.4677914	-0.8835704	-0.0022043511
5.150001260329119e-08	-0.4668386	-0.8840747	-0.0021836832
5.155013157891843e-08	-0.46588263	-0.8845793	-0.0021631676
5.160027556018947e-08	-0.46493444	-0.88507843	-0.0021430445
5.165033812832385e-08	-0.46399593	-0.8855712	-0.0021233452
5.170043260915373e-08	-0.46306482	-0.8860589	-0.0021040137
5.175003284767031e-08	-0.46215057	-0.8865365	-0.002085241
5.180008048411956e-08	-0.46123576	-0.88701314	-0.0020666632
5.1850209950132416e-08	-0.4603271	-0.8874855	-0.0020484105
5.190034697926594e-08	-0.4594257	-0.8879528	-0.0020305028
5.1950390675175134e-08	-0.45853323	-0.8884144	-0.002012975
5.200000048037757e-08	-0.45765552	-0.8888674	-0.0019959274
5.20500829211145e-08	-0.45677644	-0.8893198	-0.0019790386
5.210014877880385e-08	-0.45590448	-0.88976747	-0.0019624778
5.2150302679624996e-08	-0.45503777	-0.89021146	-0.0019461972
5.2200400221206406e-08	-0.45417872	-0.8906504	-0.0019302409
5.225045017752759e-08	-0.453327	-0.8910847	-0.0019146025
5.230007309402245e-08	-0.45248875	-0.89151096	-0.0018993864
5.235011951411971e-08	-0.45164967	-0.89193666	-0.0018843224
5.240022972215679e-08	-0.45081568	-0.89235896	-0.0018695232
5.245037208059552e-08	-0.44998723	-0.89277726	-0.001854986
5.250043306374086e-08	-0.449166	-0.89319116	-0.0018407475
5.2550032777250086e-08	-0.4483582	-0.89359725	-0.0018268973
5.26001188721664e-08	-0.4475481	-0.8940037	-0.0018131668
5.2650182005415654e-08	-0.44674402	-0.89440614	-0.0017996943
5.270033831818624e-08	-0.44594398	-0.89480555	-0.0017864503
5.275042612761252e-08	-0.44515043	-0.8952009	-0.001773467
5.280048893830405e-08	-0.44436264	-0.8955927	-0.0017607253
5.28501081487391e-08	-0.44358692	-0.8959774	-0.001748326
5.290015769102294e-08	-0.44280964	-0.8963622	-0.0017360507
5.295026538379775e-08	-0.44203654	-0.8967441	-0.001723984
5.300041192436583e-08	-0.4412678	-0.897123	-0.0017121285
5.3050460749369244e-08	-0.44050533	-0.89749795	-0.0017005171
5.310005692783683e-08	-0.4397545	-0.89786637	-0.0016892168
5.315015889394921e-08	-0.4390007	-0.89823544	-0.0016780042
5.320020566594321e-08	-0.43825236	-0.89860123	-0.0016670104
5.325035306748343e-08	-0.43750706	-0.8989646	-0.0016561967
5.330046224529252e-08	-0.4367667	-0.8993248	-0.0016455883
5.335050703449278e-08	-0.43603173	-0.8996817	-0.0016351808
5.340012236168186e-08	-0.43530726	-0.9000328	-0.001625056
5.345019277200211e-08	-0.43458027	-0.9003843	-0.001615021
5.350027807843981e-08	-0.4338573	-0.9007333	-0.0016051658
5.355043499801604e-08	-0.43313733	-0.90108	-0.001595477
5.360050448577922e-08	-0.43242255	-0.9014236	-0.0015859797
5.3650075789184675e-08	-0.43171874	-0.9017612	-0.0015767489
5.370018458518606e-08	-0.4310111	-0.9020999	-0.0015675873
5.375023157042857e-08	-0.4303081	-0.9024358	-0.0015586052
5.380038044644315e-08	-0.4296074	-0.90276986	-0.0015497648
5.385048399546242e-08	-0.42891097	-0.90310115	-0.0015411008
5.39000084343852e-08	-0.42822617	-0.9034265	-0.0015326892
5.395015151664289e-08	-0.4275362	-0.90375346	-0.0015243287
5.4000214721064804e-08	-0.4268509	-0.9040777	-0.0015161389
5.405031473090561e-08	-0.42616835	-0.9043999	-0.0015080901
5.41004619276548e-08	-0.42548853	-0.9047201	-0.0015001845
5.4150517132328623e-08	-0.42481318	-0.9050379	-0.0014924407
5.420011227568379e-08	-0.42414722	-0.9053505	-0.0014849061
5.4250209783265306e-08	-0.42347756	-0.9056641	-0.0014774369
5.4300264242647445e-08	-0.4228116	-0.9059755	-0.0014701164
5.4350406311766005e-08	-0.42214745	-0.90628546	-0.0014629252
5.4400519332408797e-08	-0.42148668	-0.9065932	-0.0014558687
5.4450033734960226e-08	-0.42083663	-0.90689546	-0.0014490262
5.450018614146945e-08	-0.42018104	-0.9071997	-0.0014422248
5.455024355071933e-08	-0.41952944	-0.9075014	-0.0014355654
5.460033714158789e-08	-0.41888016	-0.9078016	-0.00142903
5.465049389601472e-08	-0.41823274	-0.9081003	-0.0014226127
5.470054923666056e-08	-0.4175892	-0.9083967	-0.0014163357
5.475012324484864e-08	-0.41695443	-0.90868855	-0.0014102369
5.4800237321547114e-08	-0.41631526	-0.9089818	-0.001404193
5.485028702897736e-08	-0.41567937	-0.909273	-0.0013982756
5.490042205404778e-08	-0.41504478	-0.9095632	-0.0013924565
5.4950550471662054e-08	-0.41441265	-0.90985155	-0.0013867595
5.500005456516663e-08	-0.4137907	-0.9101349	-0.0013812443
5.505021388450065e-08	-0.4131628	-0.9104203	-0.0013757723
5.510028861041621e-08	-0.41253823	-0.91070384	-0.0013704195
5.51503650512067e-08	-0.41191572	-0.91098577	-0.0013651729
5.5200516694456555e-08	-0.41129452	-0.9112667	-0.0013600255
5.525002546326624e-08	-0.41068324	-0.9115426	-0.0013550485
5.530014739518266e-08	-0.41006646	-0.91182053	-0.0013501173
5.5350289565539016e-08	-0.4094514	-0.91209716	-0.0013452859
5.5400339062106764e-08	-0.40883946	-0.9123718	-0.0013405706
5.545044376646926e-08	-0.40822887	-0.9126455	-0.0013359503
5.5500027868536314e-08	-0.4076264	-0.91291493	-0.0013314774
5.5550089282694794e-08	-0.4070199	-0.9131858	-0.0013270559
5.560023389124729e-08	-0.4064142	-0.9134558	-0.0013227237
5.5650333470948574e-08	-0.40581077	-0.91372424	-0.0013184879
5.570039575501562e-08	-0.40520948	-0.91399133	-0.0013143591
5.575001602242473e-08	-0.4046151	-0.91425484	-0.0013103571
5.580008233959294e-08	-0.40401706	-0.9145196	-0.0013064122
5.58501662902971e-08	-0.40342036	-0.9147833	-0.0013025573
5.59003124945936e-08	-0.4028244	-0.9150459	-0.001298797
5.595039599864412e-08	-0.40223074	-0.9153074	-0.0012951236
5.600046732286942e-08	-0.4016387	-0.9155676	-0.0012915458
5.605007390893933e-08	-0.40105352	-0.9158243	-0.0012880849
5.610012826602123e-08	-0.40046445	-0.9160824	-0.0012846749
5.615026198194364e-08	-0.39987573	-0.9163397	-0.0012813569
5.620038557249629e-08	-0.39928848	-0.91659594	-0.0012781217
5.625043912019695e-08	-0.39870328	-0.91685086	-0.0012749785
5.630003975767416e-08	-0.39812464	-0.91710263	-0.0012719482
5.635011968795019e-08	-0.39754158	-0.9173557	-0.0012689718
5.640019584852367e-08	-0.39695972	-0.9176079	-0.0012660754
5.6450349501540247e-08	-0.39637807	-0.91785944	-0.0012632556
5.65004223634592e-08	-0.3957985	-0.9181099	-0.0012605274
5.655049595806577e-08	-0.39521995	-0.91835916	-0.0012578818
5.660010308535645e-08	-0.39464772	-0.9186056	-0.0012553385
5.665015192618978e-08	-0.39407143	-0.91885316	-0.0012528502
5.670027823152376e-08	-0.39349514	-0.9191004	-0.0012504378
5.675040460111668e-08	-0.39291978	-0.9193467	-0.0012480998
5.680046069695513e-08	-0.39234608	-0.9195919	-0.0012458458
5.6850049514431414e-08	-0.39177856	-0.91983414	-0.0012436907
5.690015994616282e-08	-0.39120594	-0.9200781	-0.0012415862
5.6950214110937645e-08	-0.39063463	-0.92032087	-0.0012395689
5.700035655084755e-08	-0.3900631	-0.9205636	-0.0012376171
5.705046801574668e-08	-0.38949266	-0.92080534	-0.0012357453
5.710052195120819e-08	-0.3889235	-0.9210461	-0.0012339544
5.715013454000778e-08	-0.38836	-0.9212841	-0.0012322491
5.720020456732082e-08	-0.38779187	-0.9215236	-0.0012305999
5.7250288162247896e-08	-0.38722414	-0.92176247	-0.0012290241
5.730044148207877e-08	-0.3866561	-0.92200106	-0.0012275206
5.735053060670501e-08	-0.38608938	-0.92223895	-0.001226094
5.740007138237199e-08	-0.3855293	-0.9224733	-0.0012247553
5.745020147501385e-08	-0.384963	-0.92271006	-0.0012234773
5.750025223389082e-08	-0.384398	-0.9229458	-0.0012222663
5.755037070251863e-08	-0.3838326	-0.92318135	-0.0012211304
5.7600502849598095e-08	-0.38326737	-0.92341644	-0.0012200639
5.765001485005781e-08	-0.38270947	-0.923648	-0.0012190774
5.770016169819143e-08	-0.3821446	-0.923882	-0.0012181553
5.775025012031447e-08	-0.38158068	-0.9241153	-0.0012173023
5.7800312241952726e-08	-0.38101727	-0.924348	-0.00121652
5.78504646999797e-08	-0.380453	-0.9245806	-0.0012158051
5.790055473210907e-08	-0.37988955	-0.9248125	-0.001215164
5.795008779157622e-08	-0.37933248	-0.9250414	-0.0012145985
5.8000230500834e-08	-0.3787687	-0.9252726	-0.0012140975
5.80502824465672e-08	-0.37820593	-0.9255031	-0.0012136677
5.8100392660358417e-08	-0.37764254	-0.92573327	-0.0012133069
5.8150530168448434e-08	-0.37707883	-0.9259633	-0.0012130191
5.820003321804842e-08	-0.37652215	-0.92619	-0.0012128005
5.8250180730452315e-08	-0.37595817	-0.92641926	-0.0012126467
5.830027830589127e-08	-0.37539464	-0.92664796	-0.0012125615
5.835034130067683e-08	-0.37483138	-0.9268762	-0.0012125433
5.840048063916661e-08	-0.37426704	-0.9271045	-0.0012126041
5.8450017010141465e-08	-0.37370935	-0.92732966	-0.001212727
5.8500112254632454e-08	-0.3731451	-0.9275571	-0.0012129223
5.8550262971213935e-08	-0.3725799	-0.92778444	-0.0012131892
5.8600328696889754e-08	-0.3720154	-0.9280111	-0.0012135281
5.865041802245706e-08	-0.37145033	-0.92823774	-0.0012139351
5.8700011644494164e-08	-0.37089044	-0.92846185	-0.0012144033
5.87500665047143e-08	-0.3703249	-0.9286877	-0.0012149459
5.8800201474348865e-08	-0.36975807	-0.9289139	-0.0012155592
5.8850317620265286e-08	-0.36919096	-0.9291395	-0.0012162465
5.890037012286213e-08	-0.36862403	-0.9293648	-0.0012170023
5.895050816706435e-08	-0.36805564	-0.9295904	-0.0012178315
5.900004222440623e-08	-0.3674935	-0.929813	-0.001218717
5.905013466788633e-08	-0.36692446	-0.93003786	-0.0012196834
5.910029076596722e-08	-0.36635405	-0.9302629	-0.0012207221
5.915034638803625e-08	-0.3657841	-0.93048745	-0.0012218251
5.920043607339214e-08	-0.3652131	-0.9307119	-0.001223005
5.9250036829768076e-08	-0.36464697	-0.93093413	-0.0012242461
5.93000828583166e-08	-0.3640749	-0.93115824	-0.001225569
5.935022410611655e-08	-0.363501	-0.93138254	-0.0012269663
5.9400337916927784e-08	-0.36292657	-0.9316069	-0.0012284361
5.9450383937266897e-08	-0.36235207	-0.9318306	-0.0012299772
5.950052059188659e-08	-0.3617756	-0.9320549	-0.0012315903
5.955006688287879e-08	-0.361205	-0.93227637	-0.0012332603
5.960015183006276e-08	-0.36062723	-0.93250024	-0.0012350257
5.965030363004657e-08	-0.36004764	-0.93272436	-0.0012368647
5.970036266968332e-08	-0.35946807	-0.9329481	-0.0012387757
5.97504482137745e-08	-0.35888714	-0.93317205	-0.0012407636
5.980004751979781e-08	-0.3583107	-0.93339366	-0.0012428047
5.985010281790214e-08	-0.35772792	-0.9336175	-0.0012449382
5.99002387263957e-08	-0.35714293	-0.9338417	-0.0012471525
5.995035540169212e-08	-0.3565569	-0.9340658	-0.001249444
6.000040954414284e-08	-0.35597038	-0.93428975	-0.0012518128
6.005001680714663e-08	-0.35538784	-0.93451166	-0.0012542392
6.010009365528755e-08	-0.35479838	-0.9347359	-0.0012567631
6.015017195674135e-08	-0.3542076	-0.93496007	-0.0012593692
6.020032210704625e-08	-0.3536145	-0.93518484	-0.001262056
6.02504033635209e-08	-0.35302085	-0.93540937	-0.0012648203
6.030047918370748e-08	-0.35242566	-0.93563396	-0.0012676667
6.035008602737968e-08	-0.3518346	-0.93585664	-0.0012705686
6.04001443531109e-08	-0.3512366	-0.9360814	-0.0012735793
6.045026269159675e-08	-0.35063624	-0.9363068	-0.0012766762
6.050040080892504e-08	-0.35003406	-0.9365323	-0.0012798542
6.055045106029693e-08	-0.34943113	-0.93675756	-0.0012831142
6.060004676135221e-08	-0.34883204	-0.9369811	-0.0012864266
6.065014424476396e-08	-0.34822512	-0.93720704	-0.0012898613
6.070019705452086e-08	-0.3476169	-0.93743306	-0.0012933785
6.075035012456914e-08	-0.3470056	-0.93765974	-0.0012969963
6.080044331656429e-08	-0.34639317	-0.9378864	-0.0013006974
6.085050348336012e-08	-0.3457791	-0.9381132	-0.0013044837
6.090011827102728e-08	-0.34516856	-0.9383383	-0.001308326
6.095018010246357e-08	-0.34455052	-0.9385656	-0.0013122925
6.10002794067464e-08	-0.34392995	-0.9387935	-0.0013163561
6.105042243724685e-08	-0.3433067	-0.93902177	-0.001320513
6.110048879277769e-08	-0.3426822	-0.9392501	-0.0013247601
6.115007406925028e-08	-0.3420616	-0.9394766	-0.0013290601
6.120017844883917e-08	-0.3414322	-0.93970567	-0.0013335024
6.12502254958283e-08	-0.34080124	-0.9399349	-0.0013380324
6.130037111782731e-08	-0.34016666	-0.94016504	-0.0013426731
6.135047234385211e-08	-0.33953023	-0.94039536	-0.0013474082
6.140052788642118e-08	-0.3388919	-0.9406258	-0.0013522475
6.145014361679869e-08	-0.3382567	-0.94085467	-0.001357148
6.150020259110261e-08	-0.33761328	-0.941086	-0.001362187
6.155029626001822e-08	-0.3369668	-0.9413179	-0.0013673328
6.160044592510462e-08	-0.336317	-0.94155043	-0.0013725951
6.165050724109835e-08	-0.3356656	-0.94178313	-0.0013779507
6.170008055465285e-08	-0.33501783	-0.94201404	-0.0013833662
6.175019300916028e-08	-0.3343602	-0.942248	-0.0013889527
6.180023859688877e-08	-0.33370066	-0.942482	-0.001394644
6.18503706020076e-08	-0.33303696	-0.9427168	-0.0014004583
6.19004921511393e-08	-0.33237043	-0.94295233	-0.0014063849
6.19505391325358e-08	-0.33170182	-0.943188	-0.00141242
6.200015496192257e-08	-0.33103594	-0.94342214	-0.0014185205
6.205022490552282e-08	-0.3303608	-0.943659	-0.0014247943
6.210029592642024e-08	-0.32968244	-0.9438965	-0.0014311892
6.215044942008189e-08	-0.3289997	-0.9441349	-0.0014377177
6.220053263736153e-08	-0.3283145	-0.9443737	-0.0014443591
6.225007372088565e-08	-0.3276334	-0.9446104	-0.0014510523
6.230021228652047e-08	-0.3269407	-0.94485074	-0.0014579582
6.235025370253928e-08	-0.32624578	-0.94509107	-0.0014649841
6.240036821992712e-08	-0.3255462	-0.9453325	-0.0014721528
6.245050460978944e-08	-0.32484266	-0.94557476	-0.0014794597
6.250000125233633e-08	-0.32414445	-0.9458147	-0.0014868047
6.255015010366999e-08	-0.32343325	-0.9460584	-0.0014943855
6.260024885558916e-08	-0.3227189	-0.94630253	-0.0015021019
6.26503004881936e-08	-0.32200125	-0.9465473	-0.0015099518
6.270044990531325e-08	-0.32127815	-0.9467932	-0.0015179659
6.27505495380175e-08	-0.32055175	-0.9470396	-0.001526113
6.280007172400624e-08	-0.31982964	-0.9472839	-0.0015343188
6.28502214420416e-08	-0.3190941	-0.9475323	-0.0015427815
6.29002672721697e-08	-0.3183558	-0.9477808	-0.00155138
6.295035989984497e-08	-0.3176124	-0.9480305	-0.0015601476
6.300051602762488e-08	-0.3168636	-0.9482813	-0.0015690818
6.305000556664848e-08	-0.3161203	-0.9485296	-0.0015780594
6.310015063976453e-08	-0.3153625	-0.94878215	-0.0015873208
6.315026049977932e-08	-0.31460053	-0.94903535	-0.0015967457
6.32003086620513e-08	-0.31383473	-0.949289	-0.0016063333
6.325044840363646e-08	-0.31306258	-0.9495443	-0.001616111
6.330056250464189e-08	-0.3122859	-0.9498003	-0.0016260652
6.335007913783181e-08	-0.31151348	-0.9500543	-0.001636073
6.340022459964295e-08	-0.3107261	-0.95031226	-0.0016463951
6.345029498644859e-08	-0.30993468	-0.95057094	-0.0016568892
6.350038183134841e-08	-0.30913758	-0.95083076	-0.0016675765
6.355052789593278e-08	-0.3083341	-0.9510919	-0.0016784694
6.360002998843059e-08	-0.30753553	-0.9513507	-0.0016894157
6.365015877007801e-08	-0.3067212	-0.9516138	-0.0017007018
6.370028726969805e-08	-0.30590117	-0.9518781	-0.0017122014
6.375033463963754e-08	-0.3050766	-0.952143	-0.0017238825
6.380045884508628e-08	-0.30424482	-0.9524094	-0.0017357997
6.385002066550461e-08	-0.30341634	-0.9526739	-0.0017477929
6.390009218415097e-08	-0.30257326	-0.95294225	-0.0017601339
6.395024225619444e-08	-0.30172256	-0.95321226	-0.0017727201
6.400033181123339e-08	-0.30086645	-0.9534831	-0.0017855238
6.405039172084368e-08	-0.3000044	-0.953755	-0.0017985466
6.410001001273016e-08	-0.29914337	-0.9540256	-0.001811691
6.415005832089462e-08	-0.29826808	-0.9542999	-0.0018251918
6.420017617129158e-08	-0.2973848	-0.9545759	-0.0018389616
6.425031144431042e-08	-0.2964941	-0.95485324	-0.0018529898
6.430035301112568e-08	-0.29559797	-0.95513135	-0.001867253
6.435046753606271e-08	-0.29469323	-0.95541114	-0.0018818013
6.440003785638308e-08	-0.293791	-0.95568925	-0.0018964555
6.44501058809935e-08	-0.29287225	-0.95597154	-0.001911529
6.450025338020461e-08	-0.2919443	-0.95625573	-0.0019269094
6.455034507983305e-08	-0.29100958	-0.9565409	-0.0019425608
6.460040114905843e-08	-0.29006752	-0.95682716	-0.0019584945
6.465001979987696e-08	-0.28912574	-0.9571125	-0.0019745822
6.470007214947348e-08	-0.28816742	-0.9574019	-0.0019911118
6.475016945675191e-08	-0.2871998	-0.9576929	-0.0020079715
6.480031443269454e-08	-0.28622267	-0.9579857	-0.002025168
6.485037721998742e-08	-0.28523836	-0.9582795	-0.0020426593
6.490046071596865e-08	-0.2842447	-0.95857507	-0.0020604911
6.495006370063566e-08	-0.28325158	-0.9588693	-0.002078488
6.500010771195415e-08	-0.28224042	-0.95916766	-0.0020969883
6.505023778841815e-08	-0.2812181	-0.95946825	-0.002115879
6.510035861407603e-08	-0.28018624	-0.9597704	-0.0021351255
6.515040755042932e-08	-0.2791461	-0.96007377	-0.0021547168
6.520002251149861e-08	-0.27810508	-0.96037614	-0.002174516
6.525007598101408e-08	-0.2770447	-0.960683	-0.0021948728
6.530017397904183e-08	-0.275973	-0.9609917	-0.0022156402
6.535031949231036e-08	-0.27488956	-0.96130246	-0.0022368408
6.540037994013342e-08	-0.27379715	-0.9616145	-0.0022584193
6.545047145168244e-08	-0.272693	-0.96192855	-0.002280437
6.550006955235963e-08	-0.27158865	-0.9622413	-0.0023026653
6.55501173203535e-08	-0.27046284	-0.9625586	-0.0023255397
6.560024584202019e-08	-0.26932353	-0.96287835	-0.002348906
6.565036717078998e-08	-0.26817232	-0.9632	-0.002372741
6.570041438139546e-08	-0.26701066	-0.9635229	-0.0023970185
6.575002302110103e-08	-0.2658469	-0.9638451	-0.0024215637
6.580009913006284e-08	-0.2646595	-0.9641722	-0.0024468382
6.585017348552242e-08	-0.2634592	-0.9645012	-0.0024726272
6.590032215178021e-08	-0.2622438	-0.96483266	-0.0024989813
6.595040462808879e-08	-0.26101655	-0.96516573	-0.0025258397
6.600047327138716e-08	-0.25977585	-0.96550083	-0.002553247
6.605008439470294e-08	-0.25853258	-0.9658348	-0.0025809596
6.610013314501132e-08	-0.257264	-0.96617377	-0.0026094932
6.615024151341119e-08	-0.25597924	-0.96651536	-0.0026386608
6.62003896932592e-08	-0.25467846	-0.9668592	-0.0026684657
6.625042499164854e-08	-0.25336534	-0.96720445	-0.0026988282
6.630002357260194e-08	-0.2520482	-0.96754897	-0.0027295575
6.635010809719384e-08	-0.2507023	-0.96789896	-0.0027612424
6.640016526606373e-08	-0.2493408	-0.9682509	-0.0027935908
6.645031064653636e-08	-0.24796021	-0.96860564	-0.0028266886
6.650040536969638e-08	-0.24656396	-0.9689625	-0.0028604618
6.655045413245569e-08	-0.24515156	-0.9693211	-0.0028949347
6.660007507155767e-08	-0.24373369	-0.9696789	-0.002929859
6.665012403883629e-08	-0.24228552	-0.97004205	-0.0029658454
6.670022344586995e-08	-0.24081731	-0.9704081	-0.0030026599
6.675037053526506e-08	-0.23932862	-0.97077656	-0.0030403226
6.680042397157508e-08	-0.23782332	-0.97114676	-0.0030787524
6.685000588779041e-08	-0.23631258	-0.97151583	-0.0031176626
6.69001080791663e-08	-0.23476577	-0.9718911	-0.0031578592
6.69501534897761e-08	-0.23319992	-0.97226846	-0.0031989168
6.700029689607939e-08	-0.23160973	-0.9726488	-0.0032409846
6.705040492961713e-08	-0.22999887	-0.97303134	-0.0032839808
6.710044216375368e-08	-0.22836804	-0.97341573	-0.0033278964
6.715005991957833e-08	-0.2267284	-0.97379935	-0.003372439
6.720011558675752e-08	-0.22505112	-0.9741886	-0.0034184116
6.725020555913422e-08	-0.22334881	-0.97458065	-0.0034654841
6.730035426413783e-08	-0.22162004	-0.9749756	-0.0035137131
6.735041245075424e-08	-0.21986935	-0.9753722	-0.0035629808
6.740049529845889e-08	-0.2180922	-0.97577155	-0.0036134436
6.745009847360296e-08	-0.21630625	-0.9761692	-0.0036645967
6.750014016152202e-08	-0.21447778	-0.976573	-0.0037174285
6.755027290509845e-08	-0.21261844	-0.97697985	-0.0037716266
6.760039168600781e-08	-0.21073143	-0.977389	-0.0038271188
6.765043823367127e-08	-0.20881824	-0.9777997	-0.0038838692
6.77000441799313e-08	-0.20689276	-0.9782093	-0.003941485
6.775012039570541e-08	-0.20491882	-0.978625	-0.0040010666
6.780017976848204e-08	-0.20291452	-0.9790428	-0.004062092
6.785033650836798e-08	-0.20087437	-0.97946376	-0.0041247522
6.790041109579722e-08	-0.19880489	-0.97988623	-0.0041888687
6.795047172787928e-08	-0.19670251	-0.98031074	-0.004254567
6.800008720639748e-08	-0.19458497	-0.9807335	-0.004321313
6.805013203708126e-08	-0.19241409	-0.98116195	-0.0043903263
6.810024373059117e-08	-0.19020414	-0.981593	-0.0044611916
6.815038393370391e-08	-0.18795583	-0.9820263	-0.00453391
6.820043091539122e-08	-0.18567364	-0.9824606	-0.0046083587
6.825002488974649e-08	-0.1833737	-0.9828927	-0.0046840254
6.830011295126871e-08	-0.18101099	-0.98333085	-0.0047624176
6.835016829425641e-08	-0.17860875	-0.9837702	-0.004842804
6.840031416845813e-08	-0.1761599	-0.98421174	-0.004925445
6.84504101116435e-08	-0.17367013	-0.9846543	-0.005010179
6.850045904387544e-08	-0.17113824	-0.9850977	-0.005097073
6.855007579140169e-08	-0.16858318	-0.9855383	-0.0051854975
6.860012407830447e-08	-0.16595928	-0.98598367	-0.0052770614
6.865021669766648e-08	-0.16328487	-0.98643035	-0.0053711673
6.870036625314459e-08	-0.16055784	-0.9868779	-0.005467923
6.875041299731939e-08	-0.15778556	-0.9873249	-0.005567098
6.88005045480094e-08	-0.15495855	-0.98777276	-0.005669061
6.885009614532408e-08	-0.15210685	-0.9882158	-0.0057727504
6.890013846168882e-08	-0.14917442	-0.9886627	-0.0058802404
6.895027960857031e-08	-0.14617942	-0.98911	-0.0059909103
6.90003873544999e-08	-0.14312805	-0.98955613	-0.006104567
6.905043210721853e-08	-0.14002065	-0.9900004	-0.006221232
6.910004882655499e-08	-0.13687912	-0.9904396	-0.006340105
6.915010570456806e-08	-0.13364673	-0.9908808	-0.0064633666
6.920018762406352e-08	-0.13034764	-0.99131984	-0.0065901554
6.925033820029285e-08	-0.12697694	-0.99175704	-0.006720687
6.93004063826803e-08	-0.12354293	-0.99219036	-0.0068546804
6.935047499796578e-08	-0.12003808	-0.9926201	-0.0069924705
6.940008567217459e-08	-0.11649352	-0.9930419	-0.0071328497
6.945012643416007e-08	-0.11284381	-0.99346274	-0.0072784484
6.950024199703374e-08	-0.10911157	-0.99387914	-0.0074284137
6.955037796221021e-08	-0.10529846	-0.99428976	-0.0075827213
6.960042019563753e-08	-0.10141106	-0.99469316	-0.007741133
6.965001434808004e-08	-0.09747591	-0.9950857	-0.007902585
6.970010255182711e-08	-0.09341581	-0.99547434	-0.008070282
6.975015180808983e-08	-0.089270316	-0.9958538	-0.008242629
6.980029820861772e-08	-0.08502551	-0.9962242	-0.008420242
6.985039667119293e-08	-0.080690935	-0.99658364	-0.008602745
6.990043984554375e-08	-0.0762649	-0.99693096	-0.008790234
6.995005929893817e-08	-0.07177869	-0.9972628	-0.008981384
7.00001068397239e-08	-0.06715252	-0.99758357	-0.00917962
7.005019592869766e-08	-0.062417913	-0.9978897	-0.009383611
7.010034694947527e-08	-0.057569675	-0.99817944	-0.009593599
7.015039883147101e-08	-0.052620582	-0.9984509	-0.009809026
7.02004789426334e-08	-0.047555264	-0.9987032	-0.010030553
7.025007970158735e-08	-0.0424236	-0.99893224	-0.010255987
7.030011824023041e-08	-0.03712777	-0.99914104	-0.010489596
7.035025109714956e-08	-0.03169911	-0.99932575	-0.010729989
7.040037013492436e-08	-0.026145851	-0.99948406	-0.010976765
7.045040607046282e-08	-0.020472838	-0.99961364	-0.0112296585
7.050001813355126e-08	-0.01471751	-0.99971217	-0.01148692
7.055008260166399e-08	-0.00877489	-0.9997789	-0.011753177
7.06001472075647e-08	-0.002693629	-0.9998106	-0.012026166
7.065030050115254e-08	0.0035406302	-0.9998045	-0.012306425
7.070037393598993e-08	0.009910162	-0.99975806	-0.012593036
7.075043101623215e-08	0.016425772	-0.9996683	-0.0128863305
7.08000472953041e-08	0.023033235	-0.9995338	-0.013183703
7.085008418412986e-08	0.029850164	-0.999349	-0.013490255
7.09001952684471e-08	0.036834568	-0.99911135	-0.013803884
7.095033497125548e-08	0.0439834	-0.99881727	-0.014124192
7.100037600736886e-08	0.05128085	-0.9984638	-0.014450197
7.105047473121738e-08	0.058752038	-0.9980467	-0.01478271
7.110005820232379e-08	0.06631152	-0.9975672	-0.015117608
7.115010504765513e-08	0.074110344	-0.99701196	-0.015461197
7.120024985500443e-08	0.082096234	-0.99637973	-0.015810717
7.125034919527261e-08	0.090248175	-0.99566764	-0.016164776
7.130039144006443e-08	0.098565	-0.99487174	-0.016522814
7.135001055865707e-08	0.10698421	-0.99399436	-0.016881632
7.140006016089442e-08	0.11565117	-0.99301547	-0.01724682
7.145014597892135e-08	0.12450008	-0.9919368	-0.01761489
7.150029679950003e-08	0.13353613	-0.9907524	-0.017985325
7.15503552919401e-08	0.14272988	-0.9894611	-0.018356152
7.160043463492398e-08	0.1521002	-0.98805505	-0.018727327
7.165003727227137e-08	0.1615496	-0.98654497	-0.019094218
7.17000817724856e-08	0.17125012	-0.9848978	-0.019462591
7.175021390213495e-08	0.18113235	-0.98311865	-0.019828707
7.180033273546915e-08	0.19117263	-0.9812056	-0.020190638
7.18503766208605e-08	0.20135331	-0.97915685	-0.020546703
7.190050384181857e-08	0.21170092	-0.9769615	-0.020896716
7.195005836343029e-08	0.22207157	-0.9746461	-0.021234844
7.200012739028799e-08	0.23268548	-0.9721562	-0.021567123
7.205028054939151e-08	0.24344568	-0.9695069	-0.021889076
7.210036089658942e-08	0.25430983	-0.9667034	-0.022198213
7.21504255124341e-08	0.26528034	-0.96374005	-0.022493433
7.220004407982906e-08	0.27625114	-0.9606425	-0.02277092
7.225008944729049e-08	0.2874043	-0.95735455	-0.023034105
7.230020099060742e-08	0.29864883	-0.9538965	-0.023279404
7.235034233117234e-08	0.30996442	-0.95027006	-0.023505192
7.240038915632498e-08	0.32130975	-0.94648474	-0.023709625
7.245050017229883e-08	0.33270723	-0.9425297	-0.023892129
7.250007656554033e-08	0.34400636	-0.93845606	-0.024049714
7.255013294425767e-08	0.35542426	-0.9341835	-0.024184639
7.260028217802727e-08	0.36685818	-0.9297455	-0.024294548
7.265037789767249e-08	0.37825996	-0.9251584	-0.024378348
7.270044030424423e-08	0.38961956	-0.920426	-0.024435569
7.275005686644651e-08	0.4008294	-0.91559446	-0.024465695
7.280011449982473e-08	0.41207552	-0.9105837	-0.024469031
7.285021799150944e-08	0.42325392	-0.9054378	-0.024445087
7.290036235636428e-08	0.43434954	-0.9001646	-0.02439391
7.295042063496879e-08	0.4453209	-0.8947854	-0.024315963
7.300000762056076e-08	0.4560728	-0.88935167	-0.024212737
7.305010999300016e-08	0.46680698	-0.88376397	-0.024082776
7.310016956563671e-08	0.47739068	-0.878092	-0.023927942
7.315031241681774e-08	0.48783952	-0.872331	-0.02374875
7.320042235743703e-08	0.4981194	-0.8665036	-0.023546642
7.325048028229459e-08	0.5082178	-0.8606218	-0.023322929
7.330009070461101e-08	0.51804966	-0.8547424	-0.023080958
7.335016820127539e-08	0.5277891	-0.8487666	-0.022817606
7.340026000815142e-08	0.5373391	-0.8427572	-0.022536393
7.345040470548152e-08	0.54670143	-0.8367189	-0.022238549
7.350048973162904e-08	0.55585074	-0.8306742	-0.021926243
7.355007341185669e-08	0.5647063	-0.8246851	-0.021603975
7.360018320421779e-08	0.5734489	-0.8186361	-0.021266554
7.365024225904858e-08	0.581973	-0.8126048	-0.020919181
7.370039330962657e-08	0.5903018	-0.8065817	-0.020562347
7.375048880609535e-08	0.59841	-0.80059147	-0.02019852
7.38000170092631e-08	0.60621935	-0.7947017	-0.019832913
7.385016207743737e-08	0.61391693	-0.78877777	-0.019458095
7.390022010798301e-08	0.621393	-0.7829092	-0.019080494
7.395032466893823e-08	0.6286699	-0.77708566	-0.018700317
7.40004768894161e-08	0.6357497	-0.771312	-0.01831866
7.405054433044237e-08	0.64261687	-0.7656078	-0.017937578
7.410013655808153e-08	0.6492244	-0.7600204	-0.01756099
7.415023310597077e-08	0.6557063	-0.754443	-0.017182335
7.420030417408907e-08	0.66199505	-0.7489385	-0.01680645
7.425044839152613e-08	0.66810685	-0.743499	-0.016433323
7.430054058490841e-08	0.67403066	-0.73814046	-0.016064543
7.435008736522276e-08	0.6797157	-0.732916	-0.01570425
7.440022588937078e-08	0.68529665	-0.72770756	-0.015344699
7.445027728667591e-08	0.6907	-0.7225881	-0.014991271
7.450040744256141e-08	0.69594836	-0.7175417	-0.014643187
7.455053207576552e-08	0.7010371	-0.71257764	-0.0143013615
7.460005405637039e-08	0.7059132	-0.707754	-0.013970049
7.465020273397472e-08	0.71070224	-0.70295143	-0.013641244
7.470028932310231e-08	0.7153405	-0.69823724	-0.013319746
7.475037348383579e-08	0.71983844	-0.6936054	-0.013005301
7.480052533672442e-08	0.72420657	-0.68904936	-0.01269759
7.485005109120312e-08	0.728391	-0.68463033	-0.012400804
7.490016453773064e-08	0.73249876	-0.6802392	-0.012107698
7.495030856964945e-08	0.73648626	-0.67592555	-0.011821672
7.500036685344861e-08	0.74034846	-0.67169833	-0.0115433615
7.505048207941078e-08	0.74410063	-0.6675446	-0.0112719145
7.510006700678713e-08	0.74770415	-0.6635109	-0.011010352
7.51501493517255e-08	0.75123775	-0.6595123	-0.010753168
7.520028945040174e-08	0.7546724	-0.65558404	-0.010502645
7.525039686035366e-08	0.7580053	-0.6517322	-0.010259141
7.530047315026575e-08	0.76124036	-0.64795506	-0.010022512
7.535008651757965e-08	0.7643544	-0.644283	-0.00979458
7.540014480630353e-08	0.7674077	-0.6406474	-0.009571034
7.54502582254858e-08	0.77037823	-0.6370764	-0.00935358
7.550040191677155e-08	0.7732674	-0.6335704	-0.009142192
7.555048132799471e-08	0.77607286	-0.63013476	-0.008937121
7.560005307685679e-08	0.7787738	-0.6267973	-0.008739928
7.5650165647626e-08	0.78143007	-0.6234863	-0.008546303
7.570026488412005e-08	0.78401375	-0.6202378	-0.008358319
7.575038212325192e-08	0.7865289	-0.6170486	-0.008175725
7.580050771463974e-08	0.7889775	-0.613918	-0.007998397
7.585004664786408e-08	0.7913339	-0.6108808	-0.007828203
7.590018272558236e-08	0.7936567	-0.60786307	-0.007660924
7.595027372323248e-08	0.7959173	-0.6049033	-0.0074986457
7.600038811256725e-08	0.7981208	-0.6019959	-0.0073410063
7.605052512384778e-08	0.8002691	-0.59914	-0.0071878657
7.610006002974136e-08	0.8023384	-0.59636885	-0.007040915
7.615017682637705e-08	0.80438006	-0.59361494	-0.006896507
7.620031556254284e-08	0.80637187	-0.590909	-0.006756191
7.62503745568191e-08	0.80831194	-0.58825517	-0.0066201277
7.63004946203104e-08	0.8102072	-0.5856447	-0.006487798
7.635006059670083e-08	0.8120365	-0.58310795	-0.0063606487
7.640014497345964e-08	0.8138412	-0.5805888	-0.0062358044
7.645029748846037e-08	0.8156058	-0.57810986	-0.0061143422
7.650036786245121e-08	0.81732625	-0.57567716	-0.0059965057
7.655046530384766e-08	0.8190079	-0.5732845	-0.005881927
7.660006510453647e-08	0.82063484	-0.5709553	-0.0057716453
7.665012842140367e-08	0.8222399	-0.56864357	-0.005663426
7.670026536018532e-08	0.8238112	-0.5663668	-0.0055580577
7.67503803733156e-08	0.82534695	-0.5641286	-0.0054556504
7.680043316460654e-08	0.8268471	-0.5619297	-0.005356186
7.685004802385501e-08	0.8283018	-0.55978525	-0.0052602836
7.690012591235091e-08	0.82973844	-0.55765545	-0.005166111
7.69502178073278e-08	0.8311448	-0.55555904	-0.005074468
7.700037862178522e-08	0.83252335	-0.553493	-0.004985175
7.705043090539173e-08	0.83386993	-0.55146396	-0.00489847
7.71000157939831e-08	0.8351766	-0.549485	-0.0048148585
7.71501240878689e-08	0.83646995	-0.54751587	-0.0047325995
7.720018722724549e-08	0.8377358	-0.5455787	-0.004652587
7.725033463371006e-08	0.8389783	-0.5436678	-0.0045745536
7.730043213996345e-08	0.8401948	-0.5417876	-0.0044986308
7.735050202934066e-08	0.8413866	-0.53993654	-0.00442473
7.740011956125025e-08	0.84254473	-0.53812915	-0.0043533845
7.745017241197698e-08	0.8436905	-0.5363326	-0.0042832494
7.750029763425973e-08	0.84481585	-0.53455967	-0.0042148116
7.755043384676291e-08	0.8459202	-0.532812	-0.004148104
7.760047933735718e-08	0.84700185	-0.53109246	-0.0040832004
7.765008307332001e-08	0.84805393	-0.52941215	-0.004020479
7.770016591430613e-08	0.8490969	-0.52773935	-0.0039587305
7.775024808298472e-08	0.8501207	-0.5260898	-0.00389852
7.78003834582642e-08	0.85112727	-0.5244614	-0.0038397363
7.785049524054559e-08	0.85211504	-0.52285606	-0.0037824295
7.790002524204885e-08	0.85307443	-0.5212909	-0.0037271667
7.795017674365726e-08	0.8540287	-0.5197271	-0.0036725595
7.800025828532947e-08	0.8549653	-0.51818645	-0.0036193512
7.80503394172524e-08	0.8558857	-0.5166661	-0.0035674206
7.810048579534082e-08	0.8567917	-0.5151637	-0.0035166666
7.815000850139448e-08	0.8576714	-0.5136992	-0.0034677319
7.820013860996155e-08	0.8585469	-0.5122356	-0.0034193646
7.825026841733051e-08	0.859408	-0.5107907	-0.003372138
7.830033247567343e-08	0.860254	-0.5093659	-0.0033260784
7.835045030472361e-08	0.86108714	-0.5079575	-0.0032810413
7.840003007407421e-08	0.8618981	-0.50658137	-0.0032375152
7.845010076780435e-08	0.86270416	-0.5052086	-0.0031945636
7.850023956468191e-08	0.8634987	-0.50385064	-0.0031525367
7.855036803632564e-08	0.8642806	-0.5025093	-0.003111477
7.860041842987156e-08	0.86504924	-0.50118613	-0.0030714136
7.86500318590634e-08	0.8657996	-0.4998899	-0.003032588
7.87001022404152e-08	0.8665455	-0.49859697	-0.002994277
7.875018073615287e-08	0.8672802	-0.49731883	-0.0029568158
7.880033493170532e-08	0.86800516	-0.49605352	-0.0029201345
7.885040780686743e-08	0.8687183	-0.49480462	-0.0028843177
7.890049363047329e-08	0.8694212	-0.49356952	-0.0028492776
7.895009935171352e-08	0.8701075	-0.49235994	-0.002815326
7.900015418817166e-08	0.87079	-0.49115276	-0.002781808
7.905029851989431e-08	0.87146395	-0.48995677	-0.0027489602
7.910041130035622e-08	0.8721283	-0.48877448	-0.00271684
7.915046444662994e-08	0.8727825	-0.48760638	-0.0026854463
7.92000817418357e-08	0.873422	-0.4864607	-0.002654981
7.92501498011329e-08	0.8740587	-0.4853167	-0.0026248917
7.930023655040726e-08	0.8746872	-0.48418432	-0.0025954244
7.935038441593293e-08	0.87530786	-0.4830622	-0.0025665413
7.940046286272469e-08	0.8759195	-0.4819532	-0.0025383017
7.945003284622735e-08	0.8765171	-0.48086658	-0.0025109323
7.950016130164371e-08	0.8771135	-0.47977868	-0.00248382
7.955021100296676e-08	0.8777014	-0.47870332	-0.0024573118
7.96003370249874e-08	0.8782827	-0.4776369	-0.0024313105
7.965047741755795e-08	0.8788568	-0.47658068	-0.0024058311
7.970051907252526e-08	0.87942255	-0.47553667	-0.0023809206
7.975012534859716e-08	0.8799766	-0.47451162	-0.002356725
7.980020412276015e-08	0.88052905	-0.4734866	-0.0023327924
7.98502783863678e-08	0.8810746	-0.47247124	-0.0023093405
7.990043327044729e-08	0.8816147	-0.47146374	-0.0022863229
7.995050816668566e-08	0.88214743	-0.4704671	-0.0022637988
8.000007293084016e-08	0.8826685	-0.46948957	-0.002241947
8.005019003087879e-08	0.8831893	-0.46851	-0.0022202865
8.010024711682353e-08	0.8837034	-0.46754035	-0.0021990747
8.01503731618446e-08	0.8842123	-0.466578	-0.002178251
8.020051007280689e-08	0.8847157	-0.46562386	-0.0021578316
8.025054724259147e-08	0.88521224	-0.4646798	-0.0021378517
8.030015759534662e-08	0.88569915	-0.46375185	-0.0021184266
8.035023325378165e-08	0.8861853	-0.46282306	-0.0020991964
8.040030558938515e-08	0.886666	-0.46190214	-0.0020803402
8.045046676455913e-08	0.8871425	-0.46098727	-0.0020618134
8.050054772696534e-08	0.887613	-0.4600814	-0.0020436721
8.05500943664695e-08	0.8880736	-0.45919245	-0.0020260648
8.060022898912198e-08	0.8885347	-0.4583001	-0.0020085848
8.06502776710954e-08	0.8889904	-0.45741653	-0.0019914715
8.07004047216977e-08	0.8894421	-0.45653844	-0.0019746525
8.075053019110118e-08	0.8898891	-0.45566726	-0.0019581518
8.080004893558911e-08	0.8903263	-0.4548133	-0.0019421547
8.085019038544564e-08	0.8907644	-0.45395508	-0.0019262608
8.090027569669141e-08	0.891198	-0.4531044	-0.0019106853
8.095034627389866e-08	0.89162695	-0.4522602	-0.001895402
8.100050416155289e-08	0.89205265	-0.45142093	-0.0018803801
8.105001073456096e-08	0.89246863	-0.45059854	-0.0018658291
8.110013471349306e-08	0.892886	-0.44977188	-0.0018513674
8.115026930364958e-08	0.8932993	-0.448951	-0.0018371692
8.120032361646067e-08	0.8937081	-0.44813722	-0.0018232584
8.125043390190974e-08	0.8941137	-0.44732827	-0.0018095896
8.130000465048874e-08	0.8945112	-0.4465335	-0.0017963158
8.135007139739378e-08	0.8949091	-0.44573626	-0.0017831527
8.140022203261302e-08	0.8953041	-0.4449431	-0.0017702043
8.145031403484089e-08	0.8956951	-0.44415617	-0.0017575193
8.150037725350253e-08	0.8960825	-0.44337487	-0.0017450663
8.155053214109979e-08	0.8964671	-0.4425973	-0.0017328257
8.16000427438486e-08	0.8968436	-0.44183463	-0.0017209584
8.165016610990033e-08	0.89722145	-0.44106752	-0.0017091632
8.170029820665427e-08	0.8975962	-0.44030505	-0.0016975787
8.175035071090685e-08	0.8979672	-0.4395485	-0.0016862279
8.180047173447078e-08	0.89833575	-0.43879566	-0.0016750644
8.185003466690447e-08	0.8986971	-0.4380557	-0.0016642294
8.190011425279197e-08	0.8990593	-0.43731254	-0.0016534769
8.19502670189732e-08	0.8994191	-0.4365727	-0.0016429063
8.200034627573635e-08	0.8997755	-0.43583828	-0.0016325408
8.205042541107829e-08	0.90012914	-0.43510818	-0.0016223682
8.210002863975006e-08	0.90047663	-0.4343891	-0.001612469
8.215009093550795e-08	0.9008247	-0.43366748	-0.0016026661
8.220020713036507e-08	0.9011706	-0.43294913	-0.0015930266
8.225035029189144e-08	0.90151393	-0.4322343	-0.0015835555
8.23004019107882e-08	0.90185416	-0.43152466	-0.0015742823
8.2350506517115e-08	0.90219223	-0.43081817	-0.0015651636
8.240008604894018e-08	0.9025242	-0.43012276	-0.0015563001
8.245014851963812e-08	0.902857	-0.4294242	-0.0015475199
8.250030314271387e-08	0.9031881	-0.428728	-0.0015388873
8.255038602450612e-08	0.9035164	-0.42803636	-0.0015304232
8.260044743407658e-08	0.90384233	-0.42734846	-0.0015221182
8.265006555388689e-08	0.904163	-0.42667013	-0.0015140364
8.270011013175197e-08	0.9044844	-0.4259892	-0.0015060342
8.275022657993974e-08	0.9048039	-0.42531067	-0.0014981731
8.280037264082512e-08	0.9051215	-0.42463493	-0.0014904492
8.285041353508614e-08	0.9054364	-0.4239638	-0.0014828885
8.29000242596987e-08	0.90574646	-0.42330146	-0.0014755253
8.295009950181746e-08	0.90605754	-0.42263603	-0.0014682352
8.300017574737518e-08	0.9063665	-0.42197353	-0.0014610772
8.305032712419572e-08	0.906674	-0.421313	-0.0014540494
8.310040917773753e-08	0.9069792	-0.42065626	-0.0014471632
8.315047694943764e-08	0.90728235	-0.42000246	-0.00144041
8.320009395399907e-08	0.90758115	-0.4193574	-0.0014338425
8.325014053006066e-08	0.9078804	-0.41870934	-0.0014273461
8.330026668673569e-08	0.9081785	-0.418063	-0.0014209603
8.335039989903502e-08	0.9084749	-0.4174192	-0.0014147004
8.340045500992364e-08	0.908769	-0.4167789	-0.0014085693
8.345005861172235e-08	0.9090589	-0.4161469	-0.0014026174
8.350013242095375e-08	0.9093499	-0.41551137	-0.0013967233
8.355020093849872e-08	0.9096392	-0.41487828	-0.0013909468
8.360036254816977e-08	0.90992737	-0.4142464	-0.001385274
8.365041938598732e-08	0.9102135	-0.41361815	-0.0013797273
8.370050657482837e-08	0.910498	-0.41299176	-0.0013742904
8.375010592091498e-08	0.9107784	-0.4123737	-0.0013690094
8.380015112003945e-08	0.91105974	-0.41175216	-0.0013637922
8.385029584543835e-08	0.91134036	-0.41113156	-0.0013586739
8.390040939185054e-08	0.9116192	-0.41051346	-0.0013536606
8.395045904326523e-08	0.91189635	-0.4098981	-0.0013487602
8.400007565483467e-08	0.91216964	-0.40929013	-0.0013440026
8.40501345178707e-08	0.91244394	-0.40867853	-0.001339312
8.410022360836104e-08	0.9127172	-0.40806857	-0.0013347168
8.41503789354598e-08	0.91298944	-0.40745965	-0.0013302153
8.420043621043457e-08	0.91325986	-0.40685368	-0.0013258233
8.425001936393003e-08	0.91352654	-0.40625525	-0.0013215619
8.430011511045453e-08	0.9137947	-0.40565228	-0.0013173542
8.435017965410011e-08	0.91406155	-0.4050514	-0.0013132456
8.440032895821226e-08	0.91432744	-0.40445122	-0.0013092218
8.44504314258626e-08	0.91459197	-0.40385324	-0.0013053019
8.450048567881062e-08	0.9148552	-0.40325728	-0.0013014732
8.455009833818527e-08	0.915115	-0.4026681	-0.0012977709
8.460016680465803e-08	0.9153759	-0.402075	-0.0012941239
8.465025595511989e-08	0.9156359	-0.40148315	-0.0012905647
8.470040280623526e-08	0.9158951	-0.40089196	-0.0012870913
8.475048717707616e-08	0.91615295	-0.40030298	-0.0012837095
8.480003544044511e-08	0.916407	-0.39972156	-0.0012804479
8.485017093286222e-08	0.91666305	-0.39913455	-0.0012772351
8.490022226638657e-08	0.9169177	-0.39854974	-0.001274113
8.495033391973329e-08	0.9171718	-0.39796546	-0.0012710696
8.500047543084808e-08	0.91742486	-0.39738202	-0.0012681062
8.505053576085499e-08	0.91767675	-0.3968007	-0.0012652343
8.510012704635118e-08	0.91792524	-0.3962259	-0.0012624735
8.515022308582048e-08	0.9181755	-0.39564633	-0.0012597598
8.520026967495875e-08	0.9184246	-0.39506838	-0.0012571315
8.52504238711646e-08	0.9186732	-0.39449018	-0.001254577
8.530051212795259e-08	0.9189208	-0.3939137	-0.0012521071
8.535004426045335e-08	0.91916484	-0.39334458	-0.0012497427
8.540018959879314e-08	0.91941106	-0.39276928	-0.0012474231
8.545024689666922e-08	0.9196561	-0.3921958	-0.0012451897
8.550034670673252e-08	0.91990054	-0.39162272	-0.0012430359
8.555049418946166e-08	0.92014444	-0.39104992	-0.0012409519
8.560055830244011e-08	0.92038715	-0.3904788	-0.0012389491
8.56501394465853e-08	0.9206268	-0.3899139	-0.0012370399
8.570023616348333e-08	0.9208683	-0.3893438	-0.0012351846
8.575029749396627e-08	0.921109	-0.38877475	-0.0012334078
8.580043975935686e-08	0.9213492	-0.38820544	-0.0012317018
8.585055008225071e-08	0.9215888	-0.38763705	-0.0012300682
8.59000722582632e-08	0.9218248	-0.38707587	-0.0012285308
8.595021916798396e-08	0.92206323	-0.38650814	-0.0012270451
8.600027539303939e-08	0.9223007	-0.38594192	-0.0012256382
8.605037213084181e-08	0.9225376	-0.3853757	-0.0012243065
8.610052650902555e-08	0.9227743	-0.38480932	-0.0012230438
